,coin,high,low,open,close
2015-04-20 03:55:00,USDJPY,118.712,118.658,118.672,118.707
2015-04-20 04:00:00,USDJPY,118.743,118.701,118.706,118.74
2015-04-20 04:05:00,USDJPY,118.764,118.696,118.741,118.697
2015-04-20 04:10:00,USDJPY,118.717,118.673,118.698,118.713
2015-04-20 04:15:00,USDJPY,118.728,118.687,118.713,118.693
2015-04-20 04:20:00,USDJPY,118.724,118.684,118.69,118.693
2015-04-20 04:25:00,USDJPY,118.724,118.686,118.694,118.72
2015-04-20 04:30:00,USDJPY,118.784,118.72,118.72,118.781
2015-04-20 04:35:00,USDJPY,118.816,118.772,118.779,118.807
2015-04-20 04:40:00,USDJPY,118.824,118.768,118.806,118.772
2015-04-20 04:45:00,USDJPY,118.802,118.768,118.774,118.782
2015-04-20 04:50:00,USDJPY,118.789,118.744,118.781,118.769
2015-04-20 04:55:00,USDJPY,118.842,118.769,118.769,118.803
2015-04-20 05:00:00,USDJPY,118.86,118.793,118.803,118.852
2015-04-20 05:05:00,USDJPY,118.875,118.835,118.853,118.848
2015-04-20 05:10:00,USDJPY,118.858,118.833,118.849,118.841
2015-04-20 05:15:00,USDJPY,118.903,118.826,118.84,118.861
2015-04-20 05:20:00,USDJPY,118.887,118.856,118.86,118.875
2015-04-20 05:25:00,USDJPY,118.909,118.869,118.876,118.908
2015-04-20 05:30:00,USDJPY,118.907,118.871,118.907,118.888
2015-04-20 05:35:00,USDJPY,118.899,118.859,118.888,118.868
2015-04-20 05:40:00,USDJPY,118.89,118.863,118.869,118.876
2015-04-20 05:45:00,USDJPY,118.89,118.87,118.877,118.883
2015-04-20 05:50:00,USDJPY,118.885,118.85,118.884,118.856
2015-04-20 05:55:00,USDJPY,118.883,118.852,118.856,118.868
2015-04-20 06:00:00,USDJPY,118.889,118.864,118.867,118.868
2015-04-20 06:05:00,USDJPY,118.867,118.831,118.867,118.842
2015-04-20 06:10:00,USDJPY,118.888,118.838,118.842,118.884
2015-04-20 06:15:00,USDJPY,118.935,118.883,118.884,118.931
2015-04-20 06:20:00,USDJPY,118.961,118.923,118.93,118.939
2015-04-20 06:25:00,USDJPY,118.959,118.923,118.939,118.926
2015-04-20 06:30:00,USDJPY,118.995,118.925,118.925,118.99
2015-04-20 06:35:00,USDJPY,119.044,118.982,118.989,118.999
2015-04-20 06:40:00,USDJPY,119.013,118.982,119.0,119.004
2015-04-20 06:45:00,USDJPY,119.073,119.005,119.005,119.073
2015-04-20 06:50:00,USDJPY,119.08,119.035,119.074,119.035
2015-04-20 06:55:00,USDJPY,119.068,119.03,119.036,119.068
2015-04-20 07:00:00,USDJPY,119.075,119.029,119.068,119.043
2015-04-20 07:05:00,USDJPY,119.061,119.034,119.043,119.052
2015-04-20 07:10:00,USDJPY,119.068,119.004,119.052,119.006
2015-04-20 07:15:00,USDJPY,119.06,119.002,119.006,119.053
2015-04-20 07:20:00,USDJPY,119.066,119.04,119.052,119.042
2015-04-20 07:25:00,USDJPY,119.074,119.024,119.041,119.069
2015-04-20 07:30:00,USDJPY,119.1,119.068,119.068,119.085
2015-04-20 07:35:00,USDJPY,119.085,119.052,119.084,119.064
2015-04-20 07:40:00,USDJPY,119.136,119.064,119.065,119.094
2015-04-20 07:45:00,USDJPY,119.112,119.066,119.094,119.079
2015-04-20 07:50:00,USDJPY,119.097,119.054,119.08,119.079
2015-04-20 07:55:00,USDJPY,119.083,119.04,119.079,119.04
2015-04-20 08:00:00,USDJPY,119.04,118.992,119.04,119.014
2015-04-20 08:05:00,USDJPY,119.042,119.01,119.014,119.03
2015-04-20 08:10:00,USDJPY,119.083,119.022,119.03,119.066
2015-04-20 08:15:00,USDJPY,119.115,119.065,119.065,119.074
2015-04-20 08:20:00,USDJPY,119.114,119.072,119.073,119.081
2015-04-20 08:25:00,USDJPY,119.094,119.015,119.083,119.04
2015-04-20 08:30:00,USDJPY,119.06,119.021,119.039,119.029
2015-04-20 08:35:00,USDJPY,119.035,118.98,119.029,118.981
2015-04-20 08:40:00,USDJPY,119.014,118.965,118.979,119.007
2015-04-20 08:45:00,USDJPY,119.025,118.993,119.007,118.999
2015-04-20 08:50:00,USDJPY,119.004,118.971,118.999,118.981
2015-04-20 08:55:00,USDJPY,119.01,118.978,118.981,118.993
2015-04-20 09:00:00,USDJPY,119.029,118.98,118.994,119.014
2015-04-20 09:05:00,USDJPY,119.061,119.014,119.015,119.049
2015-04-20 09:10:00,USDJPY,119.08,119.038,119.05,119.048
2015-04-20 09:15:00,USDJPY,119.089,119.048,119.049,119.083
2015-04-20 09:20:00,USDJPY,119.108,119.069,119.084,119.08
2015-04-20 09:25:00,USDJPY,119.084,119.055,119.08,119.063
2015-04-20 09:30:00,USDJPY,119.127,119.06,119.064,119.112
2015-04-20 09:35:00,USDJPY,119.12,119.06,119.111,119.061
2015-04-20 09:40:00,USDJPY,119.08,119.053,119.064,119.059
2015-04-20 09:45:00,USDJPY,119.085,119.04,119.057,119.042
2015-04-20 09:50:00,USDJPY,119.06,119.03,119.043,119.044
2015-04-20 09:55:00,USDJPY,119.106,119.042,119.043,119.081
2015-04-20 10:00:00,USDJPY,119.204,119.078,119.082,119.154
2015-04-20 10:05:00,USDJPY,119.206,119.142,119.154,119.193
2015-04-20 10:10:00,USDJPY,119.232,119.176,119.193,119.213
2015-04-20 10:15:00,USDJPY,119.242,119.191,119.212,119.191
2015-04-20 10:20:00,USDJPY,119.284,119.189,119.189,119.28
2015-04-20 10:25:00,USDJPY,119.34,119.278,119.278,119.31
2015-04-20 10:30:00,USDJPY,119.355,119.307,119.309,119.337
2015-04-20 10:35:00,USDJPY,119.337,119.288,119.337,119.293
2015-04-20 10:40:00,USDJPY,119.332,119.291,119.294,119.322
2015-04-20 10:45:00,USDJPY,119.335,119.287,119.319,119.289
2015-04-20 10:50:00,USDJPY,119.336,119.289,119.29,119.326
2015-04-20 10:55:00,USDJPY,119.327,119.253,119.327,119.256
2015-04-20 11:00:00,USDJPY,119.265,119.214,119.257,119.226
2015-04-20 11:05:00,USDJPY,119.253,119.205,119.225,119.241
2015-04-20 11:10:00,USDJPY,119.263,119.213,119.241,119.241
2015-04-20 11:15:00,USDJPY,119.254,119.204,119.242,119.207
2015-04-20 11:20:00,USDJPY,119.256,119.203,119.207,119.253
2015-04-20 11:25:00,USDJPY,119.295,119.239,119.253,119.29
2015-04-20 11:30:00,USDJPY,119.324,119.278,119.289,119.29
2015-04-20 11:35:00,USDJPY,119.305,119.25,119.291,119.259
2015-04-20 11:40:00,USDJPY,119.283,119.261,119.261,119.262
2015-04-20 11:45:00,USDJPY,119.282,119.262,119.263,119.281
2015-04-20 11:50:00,USDJPY,119.312,119.281,119.281,119.289
2015-04-20 11:55:00,USDJPY,119.301,119.27,119.287,119.277
2015-04-20 12:00:00,USDJPY,119.277,119.255,119.276,119.269
2015-04-20 12:05:00,USDJPY,119.267,119.239,119.267,119.26
2015-04-20 12:10:00,USDJPY,119.267,119.249,119.26,119.264
2015-04-20 12:15:00,USDJPY,119.286,119.253,119.264,119.284
2015-04-20 12:20:00,USDJPY,119.327,119.284,119.286,119.318
2015-04-20 12:25:00,USDJPY,119.369,119.318,119.318,119.352
2015-04-20 12:30:00,USDJPY,119.377,119.348,119.355,119.35
2015-04-20 12:35:00,USDJPY,119.352,119.302,119.352,119.321
2015-04-20 12:40:00,USDJPY,119.323,119.311,119.322,119.321
2015-04-20 12:45:00,USDJPY,119.335,119.309,119.32,119.333
2015-04-20 12:50:00,USDJPY,119.373,119.332,119.332,119.364
2015-04-20 12:55:00,USDJPY,119.396,119.363,119.364,119.382
2015-04-20 13:00:00,USDJPY,119.403,119.374,119.386,119.394
2015-04-20 13:05:00,USDJPY,119.414,119.386,119.391,119.392
2015-04-20 13:10:00,USDJPY,119.394,119.377,119.389,119.386
2015-04-20 13:15:00,USDJPY,119.39,119.372,119.386,119.38
2015-04-20 13:20:00,USDJPY,119.391,119.379,119.379,119.387
2015-04-20 13:25:00,USDJPY,119.389,119.367,119.387,119.382
2015-04-20 13:30:00,USDJPY,119.404,119.364,119.382,119.404
2015-04-20 13:35:00,USDJPY,119.433,119.396,119.405,119.406
2015-04-20 13:40:00,USDJPY,119.419,119.367,119.408,119.388
2015-04-20 13:45:00,USDJPY,119.432,119.388,119.388,119.417
2015-04-20 13:50:00,USDJPY,119.418,119.384,119.417,119.389
2015-04-20 13:55:00,USDJPY,119.404,119.384,119.389,119.403
2015-04-20 14:00:00,USDJPY,119.416,119.388,119.403,119.389
2015-04-20 14:05:00,USDJPY,119.401,119.373,119.388,119.375
2015-04-20 14:10:00,USDJPY,119.376,119.327,119.376,119.332
2015-04-20 14:15:00,USDJPY,119.363,119.331,119.333,119.351
2015-04-20 14:20:00,USDJPY,119.362,119.332,119.356,119.36
2015-04-20 14:25:00,USDJPY,119.364,119.333,119.36,119.342
2015-04-20 14:30:00,USDJPY,119.344,119.317,119.341,119.323
2015-04-20 14:35:00,USDJPY,119.333,119.317,119.324,119.32
2015-04-20 14:40:00,USDJPY,119.336,119.32,119.32,119.335
2015-04-20 14:45:00,USDJPY,119.34,119.316,119.334,119.316
2015-04-20 14:50:00,USDJPY,119.332,119.305,119.315,119.321
2015-04-20 14:55:00,USDJPY,119.324,119.257,119.32,119.299
2015-04-20 15:00:00,USDJPY,119.311,119.266,119.294,119.267
2015-04-20 15:05:00,USDJPY,119.298,119.265,119.266,119.298
2015-04-20 15:10:00,USDJPY,119.301,119.283,119.298,119.291
2015-04-20 15:15:00,USDJPY,119.309,119.281,119.292,119.281
2015-04-20 15:20:00,USDJPY,119.281,119.245,119.281,119.252
2015-04-20 15:25:00,USDJPY,119.269,119.254,119.256,119.264
2015-04-20 15:30:00,USDJPY,119.269,119.261,119.264,119.263
2015-04-20 15:35:00,USDJPY,119.265,119.251,119.262,119.259
2015-04-20 15:40:00,USDJPY,119.264,119.252,119.258,119.253
2015-04-20 15:45:00,USDJPY,119.26,119.249,119.253,119.25
2015-04-20 15:50:00,USDJPY,119.25,119.216,119.25,119.222
2015-04-20 15:55:00,USDJPY,119.247,119.22,119.222,119.243
2015-04-20 16:00:00,USDJPY,119.252,119.212,119.243,119.218
2015-04-20 16:05:00,USDJPY,119.246,119.218,119.218,119.234
2015-04-20 16:10:00,USDJPY,119.243,119.232,119.232,119.24
2015-04-20 16:15:00,USDJPY,119.244,119.232,119.238,119.239
2015-04-20 16:20:00,USDJPY,119.241,119.235,119.239,119.238
2015-04-20 16:25:00,USDJPY,119.246,119.238,119.239,119.242
2015-04-20 16:30:00,USDJPY,119.241,119.23,119.241,119.231
2015-04-20 16:35:00,USDJPY,119.234,119.222,119.231,119.224
2015-04-20 16:40:00,USDJPY,119.224,119.216,119.224,119.217
2015-04-20 16:45:00,USDJPY,119.22,119.21,119.217,119.214
2015-04-20 16:50:00,USDJPY,119.225,119.2,119.214,119.209
2015-04-20 16:55:00,USDJPY,119.226,119.138,119.208,119.146
2015-04-20 17:00:00,USDJPY,119.206,119.14,119.14,119.174
2015-04-20 17:05:00,USDJPY,119.225,119.166,119.176,119.169
2015-04-20 17:10:00,USDJPY,119.206,119.166,119.166,119.193
2015-04-20 17:15:00,USDJPY,119.231,119.192,119.192,119.22
2015-04-20 17:20:00,USDJPY,119.226,119.187,119.217,119.213
2015-04-20 17:25:00,USDJPY,119.223,119.204,119.213,119.221
2015-04-20 17:30:00,USDJPY,119.226,119.217,119.219,119.225
2015-04-20 17:35:00,USDJPY,119.234,119.218,119.219,119.227
2015-04-20 17:40:00,USDJPY,119.228,119.199,119.228,119.225
2015-04-20 17:45:00,USDJPY,119.254,119.225,119.225,119.244
2015-04-20 17:50:00,USDJPY,119.252,119.224,119.244,119.247
2015-04-20 17:55:00,USDJPY,119.255,119.243,119.243,119.249
2015-04-20 18:00:00,USDJPY,119.274,119.244,119.248,119.271
2015-04-20 18:05:00,USDJPY,119.273,119.253,119.271,119.263
2015-04-20 18:10:00,USDJPY,119.267,119.231,119.261,119.249
2015-04-20 18:15:00,USDJPY,119.261,119.216,119.249,119.241
2015-04-20 18:20:00,USDJPY,119.246,119.225,119.243,119.244
2015-04-20 18:25:00,USDJPY,119.253,119.227,119.244,119.252
2015-04-20 18:30:00,USDJPY,119.27,119.238,119.252,119.266
2015-04-20 18:35:00,USDJPY,119.268,119.242,119.264,119.267
2015-04-20 18:40:00,USDJPY,119.28,119.257,119.266,119.268
2015-04-20 18:45:00,USDJPY,119.268,119.259,119.267,119.259
2015-04-20 18:50:00,USDJPY,119.263,119.254,119.26,119.261
2015-04-20 18:55:00,USDJPY,119.265,119.259,119.259,119.261
2015-04-20 19:00:00,USDJPY,119.299,119.261,119.262,119.297
2015-04-20 19:05:00,USDJPY,119.298,119.267,119.297,119.282
2015-04-20 19:10:00,USDJPY,119.292,119.278,119.282,119.286
2015-04-20 19:15:00,USDJPY,119.289,119.28,119.286,119.281
2015-04-20 19:20:00,USDJPY,119.282,119.272,119.282,119.28
2015-04-20 19:25:00,USDJPY,119.279,119.253,119.279,119.262
2015-04-20 19:30:00,USDJPY,119.282,119.261,119.261,119.28
2015-04-20 19:35:00,USDJPY,119.281,119.269,119.28,119.271
2015-04-20 19:40:00,USDJPY,119.276,119.25,119.272,119.251
2015-04-20 19:45:00,USDJPY,119.258,119.226,119.251,119.242
2015-04-20 19:50:00,USDJPY,119.247,119.191,119.241,119.192
2015-04-20 19:55:00,USDJPY,119.227,119.181,119.193,119.215
2015-04-20 20:00:00,USDJPY,119.26,119.218,119.218,119.245
2015-04-20 20:05:00,USDJPY,119.305,119.242,119.246,119.302
2015-04-20 20:10:00,USDJPY,119.33,119.305,119.305,119.321
2015-04-20 20:15:00,USDJPY,119.321,119.297,119.321,119.3
2015-04-20 20:20:00,USDJPY,119.362,119.297,119.3,119.359
2015-04-20 20:25:00,USDJPY,119.367,119.335,119.356,119.363
2015-04-20 20:30:00,USDJPY,119.373,119.352,119.362,119.369
2015-04-20 20:35:00,USDJPY,119.394,119.364,119.369,119.379
2015-04-20 20:40:00,USDJPY,119.401,119.376,119.379,119.381
2015-04-20 20:45:00,USDJPY,119.406,119.379,119.38,119.398
2015-04-20 20:50:00,USDJPY,119.427,119.328,119.397,119.331
2015-04-20 20:55:00,USDJPY,119.357,119.31,119.332,119.317
2015-04-20 21:00:00,USDJPY,119.354,119.314,119.315,119.354
2015-04-20 21:05:00,USDJPY,119.354,119.325,119.352,119.338
2015-04-20 21:10:00,USDJPY,119.383,119.332,119.336,119.363
2015-04-20 21:15:00,USDJPY,119.4,119.361,119.363,119.371
2015-04-20 21:20:00,USDJPY,119.423,119.38,119.38,119.423
2015-04-20 21:25:00,USDJPY,119.452,119.411,119.422,119.425
2015-04-20 21:30:00,USDJPY,119.49,119.424,119.429,119.461
2015-04-20 21:35:00,USDJPY,119.502,119.445,119.46,119.463
2015-04-20 21:40:00,USDJPY,119.473,119.451,119.463,119.455
2015-04-20 21:45:00,USDJPY,119.455,119.42,119.455,119.448
2015-04-20 21:50:00,USDJPY,119.461,119.446,119.449,119.457
2015-04-20 21:55:00,USDJPY,119.499,119.45,119.456,119.485
2015-04-20 22:00:00,USDJPY,119.486,119.431,119.486,119.433
2015-04-20 22:05:00,USDJPY,119.445,119.429,119.433,119.434
2015-04-20 22:10:00,USDJPY,119.447,119.418,119.434,119.42
2015-04-20 22:15:00,USDJPY,119.443,119.42,119.422,119.442
2015-04-20 22:20:00,USDJPY,119.447,119.427,119.442,119.444
2015-04-20 22:25:00,USDJPY,119.448,119.374,119.443,119.387
2015-04-20 22:30:00,USDJPY,119.422,119.377,119.387,119.397
2015-04-20 22:35:00,USDJPY,119.424,119.393,119.397,119.419
2015-04-20 22:40:00,USDJPY,119.426,119.399,119.42,119.404
2015-04-20 22:45:00,USDJPY,119.406,119.385,119.405,119.387
2015-04-20 22:50:00,USDJPY,119.406,119.383,119.387,119.395
2015-04-20 22:55:00,USDJPY,119.398,119.371,119.397,119.377
2015-04-20 23:00:00,USDJPY,119.397,119.376,119.379,119.383
2015-04-20 23:05:00,USDJPY,119.389,119.379,119.384,119.386
2015-04-20 23:10:00,USDJPY,119.424,119.385,119.387,119.418
2015-04-20 23:15:00,USDJPY,119.451,119.418,119.419,119.449
2015-04-20 23:20:00,USDJPY,119.463,119.442,119.449,119.45
2015-04-20 23:25:00,USDJPY,119.459,119.442,119.45,119.444
2015-04-20 23:30:00,USDJPY,119.446,119.422,119.446,119.428
2015-04-20 23:35:00,USDJPY,119.429,119.39,119.427,119.392
2015-04-20 23:40:00,USDJPY,119.404,119.38,119.392,119.4
2015-04-20 23:45:00,USDJPY,119.406,119.399,119.401,119.4
2015-04-20 23:50:00,USDJPY,119.423,119.397,119.402,119.407
2015-04-20 23:55:00,USDJPY,119.42,119.408,119.408,119.418
2015-04-21 00:00:00,USDJPY,119.419,119.392,119.419,119.393
2015-04-21 00:05:00,USDJPY,119.41,119.374,119.394,119.409
2015-04-21 00:10:00,USDJPY,119.411,119.4,119.409,119.4
2015-04-21 00:15:00,USDJPY,119.411,119.395,119.4,119.397
2015-04-21 00:20:00,USDJPY,119.414,119.394,119.397,119.405
2015-04-21 00:25:00,USDJPY,119.405,119.388,119.405,119.402
2015-04-21 00:30:00,USDJPY,119.428,119.399,119.402,119.407
2015-04-21 00:35:00,USDJPY,119.422,119.406,119.411,119.41
2015-04-21 00:40:00,USDJPY,119.448,119.407,119.41,119.433
2015-04-21 00:45:00,USDJPY,119.432,119.407,119.432,119.41
2015-04-21 00:50:00,USDJPY,119.411,119.406,119.41,119.41
2015-04-21 00:55:00,USDJPY,119.422,119.406,119.409,119.418
2015-04-21 01:00:00,USDJPY,119.427,119.413,119.42,119.419
2015-04-21 01:05:00,USDJPY,119.441,119.419,119.419,119.435
2015-04-21 01:10:00,USDJPY,119.434,119.42,119.434,119.431
2015-04-21 01:15:00,USDJPY,119.476,119.431,119.432,119.475
2015-04-21 01:20:00,USDJPY,119.537,119.474,119.477,119.503
2015-04-21 01:25:00,USDJPY,119.513,119.48,119.504,119.483
2015-04-21 01:30:00,USDJPY,119.501,119.47,119.484,119.473
2015-04-21 01:35:00,USDJPY,119.505,119.472,119.474,119.501
2015-04-21 01:40:00,USDJPY,119.529,119.502,119.502,119.525
2015-04-21 01:45:00,USDJPY,119.525,119.501,119.525,119.501
2015-04-21 01:50:00,USDJPY,119.51,119.469,119.498,119.473
2015-04-21 01:55:00,USDJPY,119.478,119.426,119.474,119.442
2015-04-21 02:00:00,USDJPY,119.477,119.43,119.441,119.459
2015-04-21 02:05:00,USDJPY,119.499,119.456,119.46,119.484
2015-04-21 02:10:00,USDJPY,119.513,119.485,119.486,119.487
2015-04-21 02:15:00,USDJPY,119.509,119.485,119.488,119.503
2015-04-21 02:20:00,USDJPY,119.518,119.453,119.503,119.472
2015-04-21 02:25:00,USDJPY,119.52,119.46,119.471,119.516
2015-04-21 02:30:00,USDJPY,119.521,119.473,119.517,119.485
2015-04-21 02:35:00,USDJPY,119.488,119.451,119.484,119.475
2015-04-21 02:40:00,USDJPY,119.513,119.445,119.475,119.456
2015-04-21 02:45:00,USDJPY,119.491,119.445,119.455,119.459
2015-04-21 02:50:00,USDJPY,119.491,119.454,119.458,119.488
2015-04-21 02:55:00,USDJPY,119.499,119.455,119.488,119.474
2015-04-21 03:00:00,USDJPY,119.506,119.466,119.476,119.491
2015-04-21 03:05:00,USDJPY,119.492,119.466,119.49,119.477
2015-04-21 03:10:00,USDJPY,119.516,119.477,119.478,119.477
2015-04-21 03:15:00,USDJPY,119.549,119.469,119.481,119.537
2015-04-21 03:20:00,USDJPY,119.595,119.531,119.536,119.586
2015-04-21 03:25:00,USDJPY,119.592,119.563,119.589,119.573
2015-04-21 03:30:00,USDJPY,119.609,119.567,119.572,119.568
2015-04-21 03:35:00,USDJPY,119.581,119.539,119.566,119.548
2015-04-21 03:40:00,USDJPY,119.614,119.547,119.547,119.601
2015-04-21 03:45:00,USDJPY,119.602,119.555,119.602,119.572
2015-04-21 03:50:00,USDJPY,119.616,119.57,119.573,119.601
2015-04-21 03:55:00,USDJPY,119.649,119.578,119.6,119.642
2015-04-21 04:00:00,USDJPY,119.655,119.598,119.644,119.602
2015-04-21 04:05:00,USDJPY,119.796,119.58,119.602,119.724
2015-04-21 04:10:00,USDJPY,119.727,119.671,119.722,119.679
2015-04-21 04:15:00,USDJPY,119.696,119.633,119.681,119.637
2015-04-21 04:20:00,USDJPY,119.652,119.61,119.639,119.631
2015-04-21 04:25:00,USDJPY,119.652,119.613,119.635,119.648
2015-04-21 04:30:00,USDJPY,119.66,119.616,119.651,119.629
2015-04-21 04:35:00,USDJPY,119.629,119.57,119.628,119.591
2015-04-21 04:40:00,USDJPY,119.626,119.575,119.587,119.585
2015-04-21 04:45:00,USDJPY,119.586,119.541,119.586,119.56
2015-04-21 04:50:00,USDJPY,119.596,119.551,119.559,119.584
2015-04-21 04:55:00,USDJPY,119.606,119.581,119.584,119.604
2015-04-21 05:00:00,USDJPY,119.613,119.536,119.604,119.553
2015-04-21 05:05:00,USDJPY,119.572,119.485,119.554,119.494
2015-04-21 05:10:00,USDJPY,119.53,119.481,119.492,119.514
2015-04-21 05:15:00,USDJPY,119.53,119.499,119.514,119.513
2015-04-21 05:20:00,USDJPY,119.513,119.44,119.513,119.44
2015-04-21 05:25:00,USDJPY,119.447,119.396,119.441,119.439
2015-04-21 05:30:00,USDJPY,119.437,119.397,119.437,119.411
2015-04-21 05:35:00,USDJPY,119.415,119.365,119.41,119.413
2015-04-21 05:40:00,USDJPY,119.428,119.405,119.413,119.425
2015-04-21 05:45:00,USDJPY,119.452,119.415,119.426,119.449
2015-04-21 05:50:00,USDJPY,119.477,119.445,119.451,119.474
2015-04-21 05:55:00,USDJPY,119.492,119.439,119.473,119.441
2015-04-21 06:00:00,USDJPY,119.461,119.434,119.441,119.448
2015-04-21 06:05:00,USDJPY,119.449,119.401,119.449,119.41
2015-04-21 06:10:00,USDJPY,119.42,119.368,119.411,119.417
2015-04-21 06:15:00,USDJPY,119.443,119.415,119.416,119.436
2015-04-21 06:20:00,USDJPY,119.451,119.428,119.436,119.428
2015-04-21 06:25:00,USDJPY,119.428,119.38,119.428,119.401
2015-04-21 06:30:00,USDJPY,119.435,119.401,119.402,119.434
2015-04-21 06:35:00,USDJPY,119.442,119.416,119.433,119.435
2015-04-21 06:40:00,USDJPY,119.448,119.432,119.435,119.433
2015-04-21 06:45:00,USDJPY,119.437,119.405,119.432,119.426
2015-04-21 06:50:00,USDJPY,119.453,119.42,119.426,119.439
2015-04-21 06:55:00,USDJPY,119.442,119.431,119.438,119.434
2015-04-21 07:00:00,USDJPY,119.446,119.431,119.433,119.443
2015-04-21 07:05:00,USDJPY,119.447,119.424,119.444,119.444
2015-04-21 07:10:00,USDJPY,119.448,119.433,119.445,119.441
2015-04-21 07:15:00,USDJPY,119.446,119.43,119.439,119.446
2015-04-21 07:20:00,USDJPY,119.457,119.436,119.446,119.44
2015-04-21 07:25:00,USDJPY,119.451,119.4,119.441,119.4
2015-04-21 07:30:00,USDJPY,119.411,119.368,119.403,119.382
2015-04-21 07:35:00,USDJPY,119.383,119.309,119.383,119.355
2015-04-21 07:40:00,USDJPY,119.387,119.335,119.354,119.368
2015-04-21 07:45:00,USDJPY,119.375,119.321,119.368,119.327
2015-04-21 07:50:00,USDJPY,119.356,119.322,119.325,119.351
2015-04-21 07:55:00,USDJPY,119.374,119.349,119.35,119.369
2015-04-21 08:00:00,USDJPY,119.418,119.365,119.367,119.401
2015-04-21 08:05:00,USDJPY,119.419,119.373,119.4,119.375
2015-04-21 08:10:00,USDJPY,119.397,119.373,119.376,119.391
2015-04-21 08:15:00,USDJPY,119.397,119.349,119.392,119.374
2015-04-21 08:20:00,USDJPY,119.375,119.347,119.372,119.352
2015-04-21 08:25:00,USDJPY,119.363,119.333,119.354,119.355
2015-04-21 08:30:00,USDJPY,119.365,119.348,119.358,119.359
2015-04-21 08:35:00,USDJPY,119.374,119.356,119.359,119.36
2015-04-21 08:40:00,USDJPY,119.414,119.361,119.361,119.405
2015-04-21 08:45:00,USDJPY,119.425,119.402,119.405,119.42
2015-04-21 08:50:00,USDJPY,119.43,119.415,119.42,119.422
2015-04-21 08:55:00,USDJPY,119.447,119.412,119.422,119.425
2015-04-21 09:00:00,USDJPY,119.508,119.427,119.427,119.502
2015-04-21 09:05:00,USDJPY,119.592,119.492,119.503,119.592
2015-04-21 09:10:00,USDJPY,119.678,119.583,119.591,119.643
2015-04-21 09:15:00,USDJPY,119.664,119.625,119.642,119.658
2015-04-21 09:20:00,USDJPY,119.73,119.636,119.657,119.715
2015-04-21 09:25:00,USDJPY,119.742,119.707,119.715,119.741
2015-04-21 09:30:00,USDJPY,119.771,119.727,119.741,119.74
2015-04-21 09:35:00,USDJPY,119.767,119.69,119.739,119.69
2015-04-21 09:40:00,USDJPY,119.724,119.671,119.699,119.682
2015-04-21 09:45:00,USDJPY,119.724,119.683,119.683,119.711
2015-04-21 09:50:00,USDJPY,119.822,119.701,119.712,119.813
2015-04-21 09:55:00,USDJPY,119.833,119.739,119.816,119.749
2015-04-21 10:00:00,USDJPY,119.774,119.685,119.749,119.685
2015-04-21 10:05:00,USDJPY,119.701,119.637,119.687,119.641
2015-04-21 10:10:00,USDJPY,119.676,119.634,119.641,119.672
2015-04-21 10:15:00,USDJPY,119.711,119.664,119.672,119.704
2015-04-21 10:20:00,USDJPY,119.704,119.653,119.704,119.676
2015-04-21 10:25:00,USDJPY,119.685,119.645,119.68,119.657
2015-04-21 10:30:00,USDJPY,119.665,119.57,119.658,119.586
2015-04-21 10:35:00,USDJPY,119.59,119.532,119.585,119.562
2015-04-21 10:40:00,USDJPY,119.569,119.527,119.563,119.532
2015-04-21 10:45:00,USDJPY,119.546,119.475,119.531,119.492
2015-04-21 10:50:00,USDJPY,119.563,119.478,119.491,119.543
2015-04-21 10:55:00,USDJPY,119.564,119.506,119.541,119.528
2015-04-21 11:00:00,USDJPY,119.597,119.525,119.527,119.583
2015-04-21 11:05:00,USDJPY,119.606,119.535,119.583,119.54
2015-04-21 11:10:00,USDJPY,119.574,119.503,119.54,119.545
2015-04-21 11:15:00,USDJPY,119.547,119.504,119.546,119.543
2015-04-21 11:20:00,USDJPY,119.542,119.49,119.542,119.527
2015-04-21 11:25:00,USDJPY,119.542,119.487,119.526,119.488
2015-04-21 11:30:00,USDJPY,119.505,119.458,119.486,119.49
2015-04-21 11:35:00,USDJPY,119.521,119.475,119.488,119.477
2015-04-21 11:40:00,USDJPY,119.484,119.447,119.477,119.453
2015-04-21 11:45:00,USDJPY,119.487,119.44,119.452,119.457
2015-04-21 11:50:00,USDJPY,119.484,119.431,119.457,119.484
2015-04-21 11:55:00,USDJPY,119.484,119.439,119.484,119.448
2015-04-21 12:00:00,USDJPY,119.502,119.449,119.449,119.498
2015-04-21 12:05:00,USDJPY,119.5,119.479,119.498,119.497
2015-04-21 12:10:00,USDJPY,119.521,119.497,119.497,119.501
2015-04-21 12:15:00,USDJPY,119.512,119.44,119.501,119.467
2015-04-21 12:20:00,USDJPY,119.494,119.464,119.467,119.479
2015-04-21 12:25:00,USDJPY,119.485,119.46,119.479,119.477
2015-04-21 12:30:00,USDJPY,119.488,119.458,119.477,119.461
2015-04-21 12:35:00,USDJPY,119.474,119.459,119.46,119.473
2015-04-21 12:40:00,USDJPY,119.54,119.471,119.472,119.54
2015-04-21 12:45:00,USDJPY,119.54,119.51,119.54,119.514
2015-04-21 12:50:00,USDJPY,119.53,119.5,119.515,119.517
2015-04-21 12:55:00,USDJPY,119.542,119.513,119.517,119.542
2015-04-21 13:00:00,USDJPY,119.586,119.542,119.542,119.573
2015-04-21 13:05:00,USDJPY,119.601,119.571,119.575,119.601
2015-04-21 13:10:00,USDJPY,119.605,119.578,119.6,119.599
2015-04-21 13:15:00,USDJPY,119.689,119.598,119.599,119.643
2015-04-21 13:20:00,USDJPY,119.67,119.638,119.644,119.661
2015-04-21 13:25:00,USDJPY,119.686,119.658,119.661,119.667
2015-04-21 13:30:00,USDJPY,119.673,119.644,119.668,119.647
2015-04-21 13:35:00,USDJPY,119.657,119.626,119.647,119.64
2015-04-21 13:40:00,USDJPY,119.654,119.638,119.64,119.652
2015-04-21 13:45:00,USDJPY,119.655,119.624,119.653,119.625
2015-04-21 13:50:00,USDJPY,119.645,119.624,119.624,119.644
2015-04-21 13:55:00,USDJPY,119.645,119.627,119.644,119.632
2015-04-21 14:00:00,USDJPY,119.632,119.595,119.63,119.609
2015-04-21 14:05:00,USDJPY,119.626,119.597,119.612,119.615
2015-04-21 14:10:00,USDJPY,119.683,119.614,119.616,119.683
2015-04-21 14:15:00,USDJPY,119.698,119.662,119.681,119.662
2015-04-21 14:20:00,USDJPY,119.686,119.653,119.662,119.682
2015-04-21 14:25:00,USDJPY,119.711,119.671,119.683,119.696
2015-04-21 14:30:00,USDJPY,119.711,119.683,119.697,119.7
2015-04-21 14:35:00,USDJPY,119.728,119.694,119.701,119.694
2015-04-21 14:40:00,USDJPY,119.696,119.652,119.688,119.668
2015-04-21 14:45:00,USDJPY,119.689,119.639,119.667,119.683
2015-04-21 14:50:00,USDJPY,119.705,119.656,119.684,119.656
2015-04-21 14:55:00,USDJPY,119.728,119.637,119.655,119.719
2015-04-21 15:00:00,USDJPY,119.722,119.682,119.722,119.714
2015-04-21 15:05:00,USDJPY,119.718,119.698,119.714,119.711
2015-04-21 15:10:00,USDJPY,119.713,119.654,119.712,119.654
2015-04-21 15:15:00,USDJPY,119.683,119.656,119.656,119.672
2015-04-21 15:20:00,USDJPY,119.675,119.646,119.671,119.66
2015-04-21 15:25:00,USDJPY,119.672,119.648,119.659,119.659
2015-04-21 15:30:00,USDJPY,119.663,119.642,119.66,119.649
2015-04-21 15:35:00,USDJPY,119.667,119.644,119.653,119.663
2015-04-21 15:40:00,USDJPY,119.678,119.655,119.662,119.662
2015-04-21 15:45:00,USDJPY,119.666,119.648,119.663,119.652
2015-04-21 15:50:00,USDJPY,119.673,119.65,119.653,119.67
2015-04-21 15:55:00,USDJPY,119.673,119.65,119.671,119.659
2015-04-21 16:00:00,USDJPY,119.663,119.63,119.658,119.662
2015-04-21 16:05:00,USDJPY,119.675,119.658,119.662,119.66
2015-04-21 16:10:00,USDJPY,119.666,119.651,119.661,119.666
2015-04-21 16:15:00,USDJPY,119.676,119.656,119.667,119.656
2015-04-21 16:20:00,USDJPY,119.657,119.627,119.656,119.639
2015-04-21 16:25:00,USDJPY,119.66,119.641,119.641,119.654
2015-04-21 16:30:00,USDJPY,119.657,119.65,119.655,119.656
2015-04-21 16:35:00,USDJPY,119.672,119.639,119.655,119.639
2015-04-21 16:40:00,USDJPY,119.641,119.614,119.641,119.628
2015-04-21 16:45:00,USDJPY,119.64,119.621,119.63,119.624
2015-04-21 16:50:00,USDJPY,119.656,119.622,119.624,119.634
2015-04-21 16:55:00,USDJPY,119.679,119.633,119.633,119.65
2015-04-21 17:00:00,USDJPY,119.688,119.645,119.654,119.667
2015-04-21 17:05:00,USDJPY,119.675,119.65,119.667,119.663
2015-04-21 17:10:00,USDJPY,119.715,119.656,119.66,119.682
2015-04-21 17:15:00,USDJPY,119.718,119.683,119.683,119.696
2015-04-21 17:20:00,USDJPY,119.696,119.691,119.696,119.691
2015-04-21 17:25:00,USDJPY,119.701,119.686,119.694,119.687
2015-04-21 17:30:00,USDJPY,119.691,119.662,119.685,119.665
2015-04-21 17:35:00,USDJPY,119.68,119.655,119.665,119.677
2015-04-21 17:40:00,USDJPY,119.689,119.669,119.676,119.682
2015-04-21 17:45:00,USDJPY,119.696,119.682,119.682,119.691
2015-04-21 17:50:00,USDJPY,119.695,119.686,119.695,119.689
2015-04-21 17:55:00,USDJPY,119.691,119.685,119.689,119.685
2015-04-21 18:00:00,USDJPY,119.7,119.678,119.682,119.697
2015-04-21 18:05:00,USDJPY,119.696,119.68,119.696,119.686
2015-04-21 18:10:00,USDJPY,119.69,119.683,119.688,119.687
2015-04-21 18:15:00,USDJPY,119.701,119.588,119.686,119.646
2015-04-21 18:20:00,USDJPY,119.69,119.646,119.646,119.687
2015-04-21 18:25:00,USDJPY,119.69,119.676,119.686,119.689
2015-04-21 18:30:00,USDJPY,119.689,119.674,119.688,119.678
2015-04-21 18:35:00,USDJPY,119.673,119.658,119.673,119.669
2015-04-21 18:40:00,USDJPY,119.67,119.658,119.669,119.662
2015-04-21 18:45:00,USDJPY,119.662,119.642,119.662,119.652
2015-04-21 18:50:00,USDJPY,119.661,119.644,119.653,119.646
2015-04-21 18:55:00,USDJPY,119.665,119.646,119.647,119.649
2015-04-21 19:00:00,USDJPY,119.654,119.642,119.649,119.65
2015-04-21 19:05:00,USDJPY,119.659,119.645,119.649,119.654
2015-04-21 19:10:00,USDJPY,119.662,119.65,119.654,119.656
2015-04-21 19:15:00,USDJPY,119.662,119.651,119.656,119.662
2015-04-21 19:20:00,USDJPY,119.671,119.654,119.661,119.66
2015-04-21 19:25:00,USDJPY,119.715,119.659,119.659,119.696
2015-04-21 19:30:00,USDJPY,119.738,119.694,119.697,119.733
2015-04-21 19:35:00,USDJPY,119.732,119.715,119.732,119.715
2015-04-21 19:40:00,USDJPY,119.716,119.696,119.716,119.698
2015-04-21 19:45:00,USDJPY,119.707,119.673,119.698,119.703
2015-04-21 19:50:00,USDJPY,119.703,119.589,119.703,119.671
2015-04-21 19:55:00,USDJPY,119.669,119.631,119.669,119.662
2015-04-21 20:00:00,USDJPY,119.665,119.601,119.662,119.66
2015-04-21 20:05:00,USDJPY,119.705,119.661,119.661,119.681
2015-04-21 20:10:00,USDJPY,119.709,119.639,119.681,119.697
2015-04-21 20:15:00,USDJPY,119.734,119.687,119.698,119.724
2015-04-21 20:20:00,USDJPY,119.727,119.71,119.727,119.713
2015-04-21 20:25:00,USDJPY,119.782,119.713,119.713,119.739
2015-04-21 20:30:00,USDJPY,119.768,119.717,119.74,119.762
2015-04-21 20:35:00,USDJPY,119.772,119.735,119.762,119.759
2015-04-21 20:40:00,USDJPY,119.76,119.73,119.759,119.74
2015-04-21 20:45:00,USDJPY,119.76,119.733,119.741,119.733
2015-04-21 20:50:00,USDJPY,119.737,119.67,119.737,119.67
2015-04-21 20:55:00,USDJPY,119.727,119.661,119.665,119.704
2015-04-21 21:00:00,USDJPY,119.726,119.689,119.706,119.719
2015-04-21 21:05:00,USDJPY,119.719,119.676,119.719,119.703
2015-04-21 21:10:00,USDJPY,119.713,119.681,119.703,119.69
2015-04-21 21:15:00,USDJPY,119.692,119.666,119.691,119.683
2015-04-21 21:20:00,USDJPY,119.721,119.677,119.682,119.704
2015-04-21 21:25:00,USDJPY,119.742,119.701,119.704,119.74
2015-04-21 21:30:00,USDJPY,119.74,119.678,119.74,119.689
2015-04-21 21:35:00,USDJPY,119.689,119.666,119.689,119.684
2015-04-21 21:40:00,USDJPY,119.685,119.623,119.684,119.637
2015-04-21 21:45:00,USDJPY,119.675,119.631,119.637,119.671
2015-04-21 21:50:00,USDJPY,119.674,119.642,119.672,119.661
2015-04-21 21:55:00,USDJPY,119.675,119.644,119.661,119.669
2015-04-21 22:00:00,USDJPY,119.701,119.67,119.67,119.694
2015-04-21 22:05:00,USDJPY,119.706,119.681,119.695,119.701
2015-04-21 22:10:00,USDJPY,119.712,119.674,119.702,119.705
2015-04-21 22:15:00,USDJPY,119.705,119.68,119.705,119.682
2015-04-21 22:20:00,USDJPY,119.691,119.659,119.683,119.66
2015-04-21 22:25:00,USDJPY,119.677,119.65,119.661,119.671
2015-04-21 22:30:00,USDJPY,119.7,119.66,119.672,119.7
2015-04-21 22:35:00,USDJPY,119.727,119.691,119.698,119.703
2015-04-21 22:40:00,USDJPY,119.721,119.657,119.703,119.661
2015-04-21 22:45:00,USDJPY,119.685,119.659,119.66,119.674
2015-04-21 22:50:00,USDJPY,119.704,119.674,119.674,119.7
2015-04-21 22:55:00,USDJPY,119.702,119.668,119.7,119.67
2015-04-21 23:00:00,USDJPY,119.689,119.664,119.669,119.68
2015-04-21 23:05:00,USDJPY,119.682,119.66,119.68,119.664
2015-04-21 23:10:00,USDJPY,119.674,119.651,119.665,119.674
2015-04-21 23:15:00,USDJPY,119.676,119.666,119.676,119.668
2015-04-21 23:20:00,USDJPY,119.675,119.657,119.666,119.659
2015-04-21 23:25:00,USDJPY,119.668,119.661,119.661,119.666
2015-04-21 23:30:00,USDJPY,119.687,119.663,119.665,119.684
2015-04-21 23:35:00,USDJPY,119.687,119.663,119.685,119.674
2015-04-21 23:40:00,USDJPY,119.681,119.65,119.675,119.667
2015-04-21 23:45:00,USDJPY,119.671,119.644,119.667,119.644
2015-04-21 23:50:00,USDJPY,119.653,119.635,119.645,119.646
2015-04-21 23:55:00,USDJPY,119.663,119.636,119.646,119.639
2015-04-22 00:00:00,USDJPY,119.666,119.632,119.641,119.64
2015-04-22 00:05:00,USDJPY,119.665,119.64,119.64,119.655
2015-04-22 00:10:00,USDJPY,119.665,119.651,119.655,119.663
2015-04-22 00:15:00,USDJPY,119.663,119.612,119.663,119.613
2015-04-22 00:20:00,USDJPY,119.635,119.609,119.613,119.616
2015-04-22 00:25:00,USDJPY,119.62,119.593,119.616,119.608
2015-04-22 00:30:00,USDJPY,119.606,119.517,119.601,119.53
2015-04-22 00:35:00,USDJPY,119.564,119.529,119.53,119.559
2015-04-22 00:40:00,USDJPY,119.564,119.52,119.561,119.545
2015-04-22 00:45:00,USDJPY,119.548,119.532,119.544,119.542
2015-04-22 00:50:00,USDJPY,119.556,119.52,119.543,119.54
2015-04-22 00:55:00,USDJPY,119.548,119.515,119.54,119.543
2015-04-22 01:00:00,USDJPY,119.556,119.541,119.544,119.544
2015-04-22 01:05:00,USDJPY,119.554,119.515,119.545,119.515
2015-04-22 01:10:00,USDJPY,119.527,119.479,119.512,119.482
2015-04-22 01:15:00,USDJPY,119.484,119.452,119.482,119.461
2015-04-22 01:20:00,USDJPY,119.479,119.45,119.46,119.474
2015-04-22 01:25:00,USDJPY,119.513,119.462,119.473,119.512
2015-04-22 01:30:00,USDJPY,119.518,119.501,119.513,119.512
2015-04-22 01:35:00,USDJPY,119.558,119.5,119.512,119.558
2015-04-22 01:40:00,USDJPY,119.572,119.548,119.556,119.556
2015-04-22 01:45:00,USDJPY,119.567,119.524,119.557,119.539
2015-04-22 01:50:00,USDJPY,119.541,119.518,119.539,119.537
2015-04-22 01:55:00,USDJPY,119.565,119.539,119.539,119.56
2015-04-22 02:00:00,USDJPY,119.62,119.558,119.559,119.614
2015-04-22 02:05:00,USDJPY,119.617,119.545,119.616,119.545
2015-04-22 02:10:00,USDJPY,119.556,119.525,119.548,119.531
2015-04-22 02:15:00,USDJPY,119.571,119.519,119.531,119.556
2015-04-22 02:20:00,USDJPY,119.561,119.54,119.557,119.54
2015-04-22 02:25:00,USDJPY,119.547,119.494,119.54,119.505
2015-04-22 02:30:00,USDJPY,119.523,119.469,119.507,119.481
2015-04-22 02:35:00,USDJPY,119.502,119.47,119.483,119.485
2015-04-22 02:40:00,USDJPY,119.518,119.461,119.486,119.505
2015-04-22 02:45:00,USDJPY,119.533,119.491,119.506,119.501
2015-04-22 02:50:00,USDJPY,119.531,119.486,119.501,119.486
2015-04-22 02:55:00,USDJPY,119.512,119.475,119.487,119.502
2015-04-22 03:00:00,USDJPY,119.538,119.485,119.501,119.517
2015-04-22 03:05:00,USDJPY,119.571,119.517,119.518,119.552
2015-04-22 03:10:00,USDJPY,119.56,119.529,119.553,119.532
2015-04-22 03:15:00,USDJPY,119.577,119.515,119.533,119.571
2015-04-22 03:20:00,USDJPY,119.584,119.536,119.57,119.58
2015-04-22 03:25:00,USDJPY,119.631,119.574,119.578,119.631
2015-04-22 03:30:00,USDJPY,119.657,119.61,119.634,119.612
2015-04-22 03:35:00,USDJPY,119.629,119.591,119.614,119.602
2015-04-22 03:40:00,USDJPY,119.605,119.568,119.603,119.582
2015-04-22 03:45:00,USDJPY,119.594,119.561,119.585,119.567
2015-04-22 03:50:00,USDJPY,119.576,119.547,119.568,119.565
2015-04-22 03:55:00,USDJPY,119.589,119.534,119.567,119.583
2015-04-22 04:00:00,USDJPY,119.588,119.537,119.582,119.539
2015-04-22 04:05:00,USDJPY,119.555,119.47,119.536,119.479
2015-04-22 04:10:00,USDJPY,119.541,119.448,119.479,119.535
2015-04-22 04:15:00,USDJPY,119.566,119.531,119.535,119.553
2015-04-22 04:20:00,USDJPY,119.597,119.542,119.554,119.563
2015-04-22 04:25:00,USDJPY,119.583,119.559,119.562,119.569
2015-04-22 04:30:00,USDJPY,119.569,119.517,119.569,119.525
2015-04-22 04:35:00,USDJPY,119.541,119.512,119.527,119.513
2015-04-22 04:40:00,USDJPY,119.515,119.415,119.514,119.496
2015-04-22 04:45:00,USDJPY,119.52,119.46,119.496,119.46
2015-04-22 04:50:00,USDJPY,119.473,119.415,119.458,119.464
2015-04-22 04:55:00,USDJPY,119.461,119.415,119.461,119.459
2015-04-22 05:00:00,USDJPY,119.459,119.373,119.458,119.392
2015-04-22 05:05:00,USDJPY,119.418,119.372,119.392,119.414
2015-04-22 05:10:00,USDJPY,119.418,119.376,119.415,119.388
2015-04-22 05:15:00,USDJPY,119.441,119.382,119.388,119.431
2015-04-22 05:20:00,USDJPY,119.43,119.36,119.43,119.374
2015-04-22 05:25:00,USDJPY,119.412,119.362,119.373,119.4
2015-04-22 05:30:00,USDJPY,119.426,119.373,119.4,119.416
2015-04-22 05:35:00,USDJPY,119.454,119.417,119.417,119.425
2015-04-22 05:40:00,USDJPY,119.438,119.385,119.425,119.392
2015-04-22 05:45:00,USDJPY,119.419,119.393,119.393,119.412
2015-04-22 05:50:00,USDJPY,119.421,119.398,119.412,119.419
2015-04-22 05:55:00,USDJPY,119.421,119.374,119.419,119.38
2015-04-22 06:00:00,USDJPY,119.386,119.348,119.381,119.386
2015-04-22 06:05:00,USDJPY,119.403,119.374,119.385,119.403
2015-04-22 06:10:00,USDJPY,119.427,119.402,119.407,119.423
2015-04-22 06:15:00,USDJPY,119.459,119.409,119.423,119.459
2015-04-22 06:20:00,USDJPY,119.459,119.438,119.459,119.449
2015-04-22 06:25:00,USDJPY,119.457,119.424,119.447,119.426
2015-04-22 06:30:00,USDJPY,119.442,119.4,119.426,119.403
2015-04-22 06:35:00,USDJPY,119.421,119.399,119.403,119.406
2015-04-22 06:40:00,USDJPY,119.44,119.389,119.406,119.432
2015-04-22 06:45:00,USDJPY,119.465,119.423,119.43,119.457
2015-04-22 06:50:00,USDJPY,119.466,119.431,119.457,119.431
2015-04-22 06:55:00,USDJPY,119.433,119.395,119.432,119.431
2015-04-22 07:00:00,USDJPY,119.474,119.425,119.432,119.474
2015-04-22 07:05:00,USDJPY,119.533,119.473,119.473,119.512
2015-04-22 07:10:00,USDJPY,119.517,119.486,119.512,119.495
2015-04-22 07:15:00,USDJPY,119.514,119.481,119.495,119.501
2015-04-22 07:20:00,USDJPY,119.503,119.471,119.502,119.481
2015-04-22 07:25:00,USDJPY,119.52,119.469,119.48,119.515
2015-04-22 07:30:00,USDJPY,119.527,119.491,119.516,119.512
2015-04-22 07:35:00,USDJPY,119.512,119.468,119.512,119.475
2015-04-22 07:40:00,USDJPY,119.548,119.471,119.474,119.547
2015-04-22 07:45:00,USDJPY,119.561,119.53,119.547,119.552
2015-04-22 07:50:00,USDJPY,119.571,119.529,119.55,119.566
2015-04-22 07:55:00,USDJPY,119.606,119.567,119.567,119.588
2015-04-22 08:00:00,USDJPY,119.612,119.571,119.589,119.581
2015-04-22 08:05:00,USDJPY,119.586,119.555,119.579,119.565
2015-04-22 08:10:00,USDJPY,119.608,119.555,119.567,119.572
2015-04-22 08:15:00,USDJPY,119.619,119.543,119.571,119.609
2015-04-22 08:20:00,USDJPY,119.65,119.6,119.609,119.609
2015-04-22 08:25:00,USDJPY,119.609,119.559,119.609,119.57
2015-04-22 08:30:00,USDJPY,119.578,119.532,119.567,119.561
2015-04-22 08:35:00,USDJPY,119.593,119.55,119.562,119.591
2015-04-22 08:40:00,USDJPY,119.618,119.582,119.592,119.602
2015-04-22 08:45:00,USDJPY,119.632,119.585,119.602,119.605
2015-04-22 08:50:00,USDJPY,119.658,119.602,119.604,119.637
2015-04-22 08:55:00,USDJPY,119.674,119.627,119.637,119.654
2015-04-22 09:00:00,USDJPY,119.703,119.654,119.654,119.681
2015-04-22 09:05:00,USDJPY,119.725,119.682,119.683,119.693
2015-04-22 09:10:00,USDJPY,119.738,119.692,119.693,119.703
2015-04-22 09:15:00,USDJPY,119.722,119.68,119.703,119.702
2015-04-22 09:20:00,USDJPY,119.722,119.691,119.706,119.711
2015-04-22 09:25:00,USDJPY,119.75,119.711,119.711,119.729
2015-04-22 09:30:00,USDJPY,119.754,119.712,119.729,119.717
2015-04-22 09:35:00,USDJPY,119.754,119.711,119.717,119.754
2015-04-22 09:40:00,USDJPY,119.758,119.725,119.753,119.748
2015-04-22 09:45:00,USDJPY,119.771,119.693,119.748,119.71
2015-04-22 09:50:00,USDJPY,119.74,119.678,119.709,119.728
2015-04-22 09:55:00,USDJPY,119.738,119.702,119.728,119.725
2015-04-22 10:00:00,USDJPY,119.847,119.716,119.725,119.835
2015-04-22 10:05:00,USDJPY,119.873,119.811,119.835,119.816
2015-04-22 10:10:00,USDJPY,119.855,119.788,119.817,119.801
2015-04-22 10:15:00,USDJPY,119.799,119.735,119.799,119.785
2015-04-22 10:20:00,USDJPY,119.844,119.785,119.786,119.839
2015-04-22 10:25:00,USDJPY,119.86,119.777,119.838,119.787
2015-04-22 10:30:00,USDJPY,119.791,119.736,119.787,119.753
2015-04-22 10:35:00,USDJPY,119.767,119.715,119.751,119.76
2015-04-22 10:40:00,USDJPY,119.853,119.76,119.761,119.843
2015-04-22 10:45:00,USDJPY,119.863,119.812,119.842,119.854
2015-04-22 10:50:00,USDJPY,119.895,119.842,119.853,119.849
2015-04-22 10:55:00,USDJPY,119.856,119.819,119.851,119.832
2015-04-22 11:00:00,USDJPY,119.946,119.832,119.832,119.932
2015-04-22 11:05:00,USDJPY,119.94,119.908,119.932,119.937
2015-04-22 11:10:00,USDJPY,119.943,119.866,119.937,119.889
2015-04-22 11:15:00,USDJPY,119.895,119.856,119.891,119.869
2015-04-22 11:20:00,USDJPY,119.928,119.868,119.868,119.91
2015-04-22 11:25:00,USDJPY,119.911,119.881,119.909,119.896
2015-04-22 11:30:00,USDJPY,119.927,119.893,119.894,119.913
2015-04-22 11:35:00,USDJPY,119.93,119.901,119.914,119.924
2015-04-22 11:40:00,USDJPY,119.941,119.924,119.925,119.926
2015-04-22 11:45:00,USDJPY,119.961,119.913,119.924,119.941
2015-04-22 11:50:00,USDJPY,119.946,119.902,119.941,119.902
2015-04-22 11:55:00,USDJPY,119.906,119.881,119.906,119.899
2015-04-22 12:00:00,USDJPY,119.9,119.855,119.9,119.879
2015-04-22 12:05:00,USDJPY,119.883,119.856,119.879,119.883
2015-04-22 12:10:00,USDJPY,119.907,119.842,119.883,119.869
2015-04-22 12:15:00,USDJPY,119.887,119.852,119.872,119.878
2015-04-22 12:20:00,USDJPY,119.88,119.855,119.878,119.868
2015-04-22 12:25:00,USDJPY,119.887,119.857,119.868,119.859
2015-04-22 12:30:00,USDJPY,119.882,119.85,119.858,119.867
2015-04-22 12:35:00,USDJPY,119.876,119.837,119.866,119.837
2015-04-22 12:40:00,USDJPY,119.851,119.82,119.837,119.848
2015-04-22 12:45:00,USDJPY,119.894,119.84,119.849,119.893
2015-04-22 12:50:00,USDJPY,119.914,119.886,119.894,119.896
2015-04-22 12:55:00,USDJPY,119.898,119.872,119.896,119.885
2015-04-22 13:00:00,USDJPY,119.895,119.866,119.886,119.88
2015-04-22 13:05:00,USDJPY,119.879,119.864,119.879,119.866
2015-04-22 13:10:00,USDJPY,119.867,119.836,119.866,119.84
2015-04-22 13:15:00,USDJPY,119.852,119.833,119.84,119.838
2015-04-22 13:20:00,USDJPY,119.853,119.831,119.837,119.845
2015-04-22 13:25:00,USDJPY,119.849,119.838,119.843,119.844
2015-04-22 13:30:00,USDJPY,119.856,119.841,119.844,119.85
2015-04-22 13:35:00,USDJPY,119.852,119.836,119.851,119.837
2015-04-22 13:40:00,USDJPY,119.851,119.832,119.837,119.837
2015-04-22 13:45:00,USDJPY,119.858,119.839,119.839,119.855
2015-04-22 13:50:00,USDJPY,119.867,119.842,119.855,119.855
2015-04-22 13:55:00,USDJPY,119.867,119.85,119.855,119.867
2015-04-22 14:00:00,USDJPY,119.881,119.849,119.867,119.865
2015-04-22 14:05:00,USDJPY,119.874,119.862,119.866,119.863
2015-04-22 14:10:00,USDJPY,119.871,119.863,119.863,119.865
2015-04-22 14:15:00,USDJPY,119.899,119.866,119.866,119.899
2015-04-22 14:20:00,USDJPY,119.908,119.872,119.898,119.872
2015-04-22 14:25:00,USDJPY,119.872,119.793,119.872,119.824
2015-04-22 14:30:00,USDJPY,119.856,119.821,119.824,119.852
2015-04-22 14:35:00,USDJPY,119.853,119.84,119.852,119.848
2015-04-22 14:40:00,USDJPY,119.849,119.826,119.848,119.833
2015-04-22 14:45:00,USDJPY,119.846,119.827,119.828,119.844
2015-04-22 14:50:00,USDJPY,119.874,119.84,119.845,119.852
2015-04-22 14:55:00,USDJPY,119.852,119.841,119.851,119.849
2015-04-22 15:00:00,USDJPY,119.892,119.84,119.849,119.883
2015-04-22 15:05:00,USDJPY,119.899,119.869,119.887,119.872
2015-04-22 15:10:00,USDJPY,119.88,119.866,119.874,119.867
2015-04-22 15:15:00,USDJPY,119.873,119.852,119.867,119.852
2015-04-22 15:20:00,USDJPY,119.866,119.842,119.852,119.855
2015-04-22 15:25:00,USDJPY,119.895,119.851,119.854,119.895
2015-04-22 15:30:00,USDJPY,119.903,119.884,119.896,119.886
2015-04-22 15:35:00,USDJPY,119.914,119.887,119.888,119.9
2015-04-22 15:40:00,USDJPY,119.93,119.898,119.9,119.93
2015-04-22 15:45:00,USDJPY,119.928,119.911,119.928,119.923
2015-04-22 15:50:00,USDJPY,119.925,119.916,119.923,119.923
2015-04-22 15:55:00,USDJPY,119.927,119.912,119.923,119.912
2015-04-22 16:00:00,USDJPY,119.942,119.911,119.912,119.931
2015-04-22 16:05:00,USDJPY,119.932,119.912,119.929,119.912
2015-04-22 16:10:00,USDJPY,119.913,119.898,119.911,119.909
2015-04-22 16:15:00,USDJPY,119.909,119.897,119.908,119.901
2015-04-22 16:20:00,USDJPY,119.902,119.883,119.9,119.886
2015-04-22 16:25:00,USDJPY,119.894,119.883,119.887,119.885
2015-04-22 16:30:00,USDJPY,119.893,119.885,119.885,119.893
2015-04-22 16:35:00,USDJPY,119.899,119.892,119.893,119.895
2015-04-22 16:40:00,USDJPY,119.897,119.894,119.895,119.895
2015-04-22 16:45:00,USDJPY,119.899,119.883,119.895,119.896
2015-04-22 16:50:00,USDJPY,119.894,119.862,119.894,119.866
2015-04-22 16:55:00,USDJPY,119.91,119.863,119.867,119.904
2015-04-22 17:00:00,USDJPY,119.943,119.898,119.9,119.934
2015-04-22 17:05:00,USDJPY,119.948,119.927,119.94,119.928
2015-04-22 17:10:00,USDJPY,119.939,119.93,119.935,119.937
2015-04-22 17:15:00,USDJPY,119.94,119.895,119.937,119.895
2015-04-22 17:20:00,USDJPY,119.919,119.895,119.895,119.907
2015-04-22 17:25:00,USDJPY,119.942,119.907,119.907,119.932
2015-04-22 17:30:00,USDJPY,119.937,119.925,119.932,119.935
2015-04-22 17:35:00,USDJPY,119.951,119.928,119.937,119.935
2015-04-22 17:40:00,USDJPY,119.94,119.921,119.935,119.923
2015-04-22 17:45:00,USDJPY,119.934,119.923,119.923,119.929
2015-04-22 17:50:00,USDJPY,119.93,119.923,119.927,119.923
2015-04-22 17:55:00,USDJPY,119.928,119.921,119.924,119.925
2015-04-22 18:00:00,USDJPY,119.953,119.923,119.923,119.943
2015-04-22 18:05:00,USDJPY,119.954,119.938,119.944,119.949
2015-04-22 18:10:00,USDJPY,119.968,119.942,119.948,119.961
2015-04-22 18:15:00,USDJPY,119.973,119.947,119.958,119.966
2015-04-22 18:20:00,USDJPY,119.971,119.921,119.964,119.961
2015-04-22 18:25:00,USDJPY,119.962,119.951,119.962,119.957
2015-04-22 18:30:00,USDJPY,119.971,119.952,119.959,119.96
2015-04-22 18:35:00,USDJPY,119.975,119.957,119.96,119.97
2015-04-22 18:40:00,USDJPY,119.988,119.964,119.971,119.981
2015-04-22 18:45:00,USDJPY,119.991,119.98,119.98,119.982
2015-04-22 18:50:00,USDJPY,119.993,119.981,119.983,119.989
2015-04-22 18:55:00,USDJPY,120.004,119.982,119.989,119.989
2015-04-22 19:00:00,USDJPY,119.989,119.973,119.989,119.988
2015-04-22 19:05:00,USDJPY,120.0,119.973,119.988,119.983
2015-04-22 19:10:00,USDJPY,119.994,119.976,119.984,119.994
2015-04-22 19:15:00,USDJPY,120.0,119.969,119.994,119.976
2015-04-22 19:20:00,USDJPY,119.984,119.964,119.976,119.981
2015-04-22 19:25:00,USDJPY,119.981,119.979,119.98,119.98
2015-04-22 19:30:00,USDJPY,119.981,119.965,119.981,119.966
2015-04-22 19:35:00,USDJPY,119.964,119.946,119.964,119.947
2015-04-22 19:40:00,USDJPY,119.96,119.936,119.946,119.942
2015-04-22 19:45:00,USDJPY,119.95,119.932,119.943,119.943
2015-04-22 19:50:00,USDJPY,119.952,119.935,119.943,119.946
2015-04-22 19:55:00,USDJPY,119.956,119.939,119.945,119.948
2015-04-22 20:00:00,USDJPY,119.992,119.945,119.949,119.99
2015-04-22 20:05:00,USDJPY,119.996,119.977,119.991,119.99
2015-04-22 20:10:00,USDJPY,119.992,119.957,119.988,119.986
2015-04-22 20:15:00,USDJPY,119.986,119.95,119.985,119.952
2015-04-22 20:20:00,USDJPY,119.977,119.954,119.956,119.957
2015-04-22 20:25:00,USDJPY,119.985,119.934,119.955,119.981
2015-04-22 20:30:00,USDJPY,120.058,119.97,119.98,120.05
2015-04-22 20:35:00,USDJPY,120.053,120.013,120.05,120.045
2015-04-22 20:40:00,USDJPY,120.092,120.041,120.044,120.063
2015-04-22 20:45:00,USDJPY,120.076,120.048,120.064,120.05
2015-04-22 20:50:00,USDJPY,120.051,120.014,120.05,120.023
2015-04-22 20:55:00,USDJPY,120.034,120.01,120.024,120.034
2015-04-22 21:00:00,USDJPY,120.046,120.021,120.033,120.025
2015-04-22 21:05:00,USDJPY,120.031,120.0,120.026,120.0
2015-04-22 21:10:00,USDJPY,120.002,119.975,120.0,119.98
2015-04-22 21:15:00,USDJPY,120.004,119.969,119.98,119.991
2015-04-22 21:20:00,USDJPY,120.024,119.981,119.99,120.024
2015-04-22 21:25:00,USDJPY,120.066,120.027,120.027,120.033
2015-04-22 21:30:00,USDJPY,120.039,120.009,120.035,120.026
2015-04-22 21:35:00,USDJPY,120.038,120.002,120.028,120.009
2015-04-22 21:40:00,USDJPY,120.027,120.003,120.01,120.02
2015-04-22 21:45:00,USDJPY,120.039,119.994,120.021,120.005
2015-04-22 21:50:00,USDJPY,120.022,119.992,120.006,120.011
2015-04-22 21:55:00,USDJPY,120.051,120.01,120.01,120.041
2015-04-22 22:00:00,USDJPY,120.037,120.004,120.037,120.005
2015-04-22 22:05:00,USDJPY,120.041,119.999,120.004,120.032
2015-04-22 22:10:00,USDJPY,120.061,120.021,120.032,120.053
2015-04-22 22:15:00,USDJPY,120.068,120.048,120.051,120.053
2015-04-22 22:20:00,USDJPY,120.058,120.029,120.053,120.039
2015-04-22 22:25:00,USDJPY,120.051,120.038,120.04,120.042
2015-04-22 22:30:00,USDJPY,120.044,120.023,120.042,120.023
2015-04-22 22:35:00,USDJPY,120.022,120.003,120.022,120.003
2015-04-22 22:40:00,USDJPY,120.023,119.996,120.004,120.012
2015-04-22 22:45:00,USDJPY,120.035,120.012,120.012,120.029
2015-04-22 22:50:00,USDJPY,120.04,119.994,120.029,119.995
2015-04-22 22:55:00,USDJPY,119.999,119.964,119.994,119.965
2015-04-22 23:00:00,USDJPY,120.0,119.959,119.964,119.99
2015-04-22 23:05:00,USDJPY,119.991,119.963,119.99,119.97
2015-04-22 23:10:00,USDJPY,119.975,119.962,119.969,119.97
2015-04-22 23:15:00,USDJPY,119.99,119.96,119.97,119.982
2015-04-22 23:20:00,USDJPY,119.986,119.944,119.983,119.973
2015-04-22 23:25:00,USDJPY,119.972,119.95,119.972,119.951
2015-04-22 23:30:00,USDJPY,119.955,119.909,119.952,119.931
2015-04-22 23:35:00,USDJPY,119.934,119.902,119.931,119.923
2015-04-22 23:40:00,USDJPY,119.94,119.916,119.921,119.924
2015-04-22 23:45:00,USDJPY,119.948,119.923,119.923,119.938
2015-04-22 23:50:00,USDJPY,119.948,119.937,119.939,119.948
2015-04-22 23:55:00,USDJPY,119.948,119.91,119.948,119.91
2015-04-23 00:00:00,USDJPY,119.915,119.884,119.911,119.889
2015-04-23 00:05:00,USDJPY,119.915,119.881,119.89,119.911
2015-04-23 00:10:00,USDJPY,119.933,119.898,119.909,119.928
2015-04-23 00:15:00,USDJPY,119.943,119.925,119.928,119.926
2015-04-23 00:20:00,USDJPY,119.948,119.917,119.926,119.919
2015-04-23 00:25:00,USDJPY,119.956,119.918,119.918,119.937
2015-04-23 00:30:00,USDJPY,119.942,119.855,119.938,119.862
2015-04-23 00:35:00,USDJPY,119.882,119.841,119.861,119.871
2015-04-23 00:40:00,USDJPY,119.889,119.79,119.871,119.802
2015-04-23 00:45:00,USDJPY,119.811,119.724,119.801,119.752
2015-04-23 00:50:00,USDJPY,119.775,119.724,119.75,119.745
2015-04-23 00:55:00,USDJPY,119.768,119.696,119.747,119.745
2015-04-23 01:00:00,USDJPY,119.75,119.703,119.746,119.725
2015-04-23 01:05:00,USDJPY,119.742,119.668,119.726,119.706
2015-04-23 01:10:00,USDJPY,119.761,119.699,119.707,119.734
2015-04-23 01:15:00,USDJPY,119.748,119.718,119.733,119.723
2015-04-23 01:20:00,USDJPY,119.725,119.672,119.723,119.672
2015-04-23 01:25:00,USDJPY,119.716,119.672,119.672,119.712
2015-04-23 01:30:00,USDJPY,119.765,119.69,119.711,119.76
2015-04-23 01:35:00,USDJPY,119.774,119.751,119.761,119.761
2015-04-23 01:40:00,USDJPY,119.765,119.742,119.762,119.758
2015-04-23 01:45:00,USDJPY,119.814,119.755,119.759,119.81
2015-04-23 01:50:00,USDJPY,119.863,119.8,119.808,119.86
2015-04-23 01:55:00,USDJPY,119.862,119.842,119.859,119.845
2015-04-23 02:00:00,USDJPY,119.856,119.811,119.845,119.811
2015-04-23 02:05:00,USDJPY,119.841,119.788,119.811,119.831
2015-04-23 02:10:00,USDJPY,119.884,119.832,119.832,119.88
2015-04-23 02:15:00,USDJPY,119.877,119.839,119.877,119.857
2015-04-23 02:20:00,USDJPY,119.907,119.832,119.857,119.907
2015-04-23 02:25:00,USDJPY,119.914,119.882,119.906,119.894
2015-04-23 02:30:00,USDJPY,119.901,119.857,119.894,119.865
2015-04-23 02:35:00,USDJPY,119.913,119.863,119.866,119.899
2015-04-23 02:40:00,USDJPY,119.904,119.841,119.899,119.855
2015-04-23 02:45:00,USDJPY,119.866,119.796,119.856,119.802
2015-04-23 02:50:00,USDJPY,119.834,119.782,119.802,119.83
2015-04-23 02:55:00,USDJPY,119.847,119.811,119.831,119.823
2015-04-23 03:00:00,USDJPY,119.861,119.793,119.823,119.827
2015-04-23 03:05:00,USDJPY,119.883,119.826,119.827,119.876
2015-04-23 03:10:00,USDJPY,119.929,119.847,119.878,119.901
2015-04-23 03:15:00,USDJPY,119.899,119.854,119.899,119.855
2015-04-23 03:20:00,USDJPY,119.874,119.834,119.854,119.854
2015-04-23 03:25:00,USDJPY,119.899,119.854,119.854,119.895
2015-04-23 03:30:00,USDJPY,119.909,119.8,119.902,119.832
2015-04-23 03:35:00,USDJPY,119.869,119.826,119.831,119.865
2015-04-23 03:40:00,USDJPY,119.87,119.843,119.86,119.85
2015-04-23 03:45:00,USDJPY,119.85,119.804,119.85,119.844
2015-04-23 03:50:00,USDJPY,119.887,119.825,119.844,119.887
2015-04-23 03:55:00,USDJPY,119.894,119.856,119.887,119.87
2015-04-23 04:00:00,USDJPY,119.882,119.84,119.871,119.85
2015-04-23 04:05:00,USDJPY,119.883,119.821,119.851,119.883
2015-04-23 04:10:00,USDJPY,119.904,119.845,119.882,119.884
2015-04-23 04:15:00,USDJPY,119.895,119.858,119.885,119.887
2015-04-23 04:20:00,USDJPY,119.895,119.866,119.885,119.879
2015-04-23 04:25:00,USDJPY,119.928,119.868,119.878,119.921
2015-04-23 04:30:00,USDJPY,119.928,119.87,119.921,119.875
2015-04-23 04:35:00,USDJPY,119.877,119.849,119.872,119.866
2015-04-23 04:40:00,USDJPY,119.918,119.86,119.865,119.913
2015-04-23 04:45:00,USDJPY,119.916,119.875,119.915,119.888
2015-04-23 04:50:00,USDJPY,119.94,119.867,119.888,119.938
2015-04-23 04:55:00,USDJPY,119.974,119.931,119.937,119.967
2015-04-23 05:00:00,USDJPY,120.03,119.967,119.967,120.014
2015-04-23 05:05:00,USDJPY,120.018,119.971,120.014,119.981
2015-04-23 05:10:00,USDJPY,120.027,119.972,119.981,120.016
2015-04-23 05:15:00,USDJPY,120.03,120.0,120.015,120.019
2015-04-23 05:20:00,USDJPY,120.048,120.004,120.019,120.044
2015-04-23 05:25:00,USDJPY,120.049,120.034,120.043,120.042
2015-04-23 05:30:00,USDJPY,120.063,120.025,120.041,120.035
2015-04-23 05:35:00,USDJPY,120.05,120.034,120.036,120.044
2015-04-23 05:40:00,USDJPY,120.058,120.011,120.044,120.011
2015-04-23 05:45:00,USDJPY,120.039,119.994,120.01,120.032
2015-04-23 05:50:00,USDJPY,120.035,120.003,120.03,120.003
2015-04-23 05:55:00,USDJPY,120.02,119.99,120.002,120.005
2015-04-23 06:00:00,USDJPY,120.031,120.002,120.005,120.018
2015-04-23 06:05:00,USDJPY,120.015,119.992,120.014,120.005
2015-04-23 06:10:00,USDJPY,120.03,119.997,120.004,120.023
2015-04-23 06:15:00,USDJPY,120.034,120.009,120.022,120.028
2015-04-23 06:20:00,USDJPY,120.043,120.013,120.028,120.037
2015-04-23 06:25:00,USDJPY,120.049,119.988,120.037,119.989
2015-04-23 06:30:00,USDJPY,119.987,119.947,119.985,119.971
2015-04-23 06:35:00,USDJPY,119.97,119.917,119.97,119.93
2015-04-23 06:40:00,USDJPY,119.945,119.904,119.931,119.925
2015-04-23 06:45:00,USDJPY,119.96,119.914,119.925,119.942
2015-04-23 06:50:00,USDJPY,119.946,119.914,119.941,119.929
2015-04-23 06:55:00,USDJPY,119.935,119.909,119.929,119.935
2015-04-23 07:00:00,USDJPY,119.967,119.931,119.936,119.959
2015-04-23 07:05:00,USDJPY,119.996,119.955,119.957,119.995
2015-04-23 07:10:00,USDJPY,119.995,119.972,119.994,119.975
2015-04-23 07:15:00,USDJPY,119.993,119.964,119.975,119.982
2015-04-23 07:20:00,USDJPY,120.007,119.979,119.982,120.006
2015-04-23 07:25:00,USDJPY,120.087,120.005,120.005,120.055
2015-04-23 07:30:00,USDJPY,120.065,120.013,120.054,120.025
2015-04-23 07:35:00,USDJPY,120.024,119.985,120.024,120.001
2015-04-23 07:40:00,USDJPY,120.016,119.98,120.002,119.982
2015-04-23 07:45:00,USDJPY,119.994,119.945,119.982,119.959
2015-04-23 07:50:00,USDJPY,120.006,119.959,119.96,120.001
2015-04-23 07:55:00,USDJPY,120.03,120.0,120.001,120.015
2015-04-23 08:00:00,USDJPY,120.025,119.996,120.012,120.019
2015-04-23 08:05:00,USDJPY,120.053,120.003,120.021,120.049
2015-04-23 08:10:00,USDJPY,120.065,120.036,120.049,120.065
2015-04-23 08:15:00,USDJPY,120.078,120.028,120.075,120.037
2015-04-23 08:20:00,USDJPY,120.037,120.001,120.037,120.019
2015-04-23 08:25:00,USDJPY,120.059,120.015,120.021,120.032
2015-04-23 08:30:00,USDJPY,120.015,119.91,120.013,120.002
2015-04-23 08:35:00,USDJPY,120.054,119.997,120.003,120.038
2015-04-23 08:40:00,USDJPY,120.051,120.001,120.036,120.038
2015-04-23 08:45:00,USDJPY,120.037,119.987,120.037,119.988
2015-04-23 08:50:00,USDJPY,120.006,119.956,119.989,119.999
2015-04-23 08:55:00,USDJPY,120.016,119.97,120.0,119.971
2015-04-23 09:00:00,USDJPY,119.99,119.949,119.97,119.974
2015-04-23 09:05:00,USDJPY,119.987,119.97,119.973,119.97
2015-04-23 09:10:00,USDJPY,119.977,119.939,119.971,119.967
2015-04-23 09:15:00,USDJPY,120.016,119.952,119.965,120.011
2015-04-23 09:20:00,USDJPY,120.031,119.984,120.01,119.992
2015-04-23 09:25:00,USDJPY,120.033,119.992,119.993,120.03
2015-04-23 09:30:00,USDJPY,120.041,120.002,120.03,120.026
2015-04-23 09:35:00,USDJPY,120.041,119.982,120.026,119.984
2015-04-23 09:40:00,USDJPY,119.989,119.953,119.985,119.969
2015-04-23 09:45:00,USDJPY,119.984,119.917,119.962,119.964
2015-04-23 09:50:00,USDJPY,120.003,119.958,119.964,119.983
2015-04-23 09:55:00,USDJPY,119.986,119.953,119.982,119.956
2015-04-23 10:00:00,USDJPY,119.962,119.852,119.954,119.921
2015-04-23 10:05:00,USDJPY,119.929,119.869,119.918,119.901
2015-04-23 10:10:00,USDJPY,119.914,119.848,119.9,119.914
2015-04-23 10:15:00,USDJPY,119.937,119.854,119.913,119.861
2015-04-23 10:20:00,USDJPY,119.894,119.835,119.864,119.849
2015-04-23 10:25:00,USDJPY,119.85,119.785,119.85,119.816
2015-04-23 10:30:00,USDJPY,119.825,119.771,119.818,119.812
2015-04-23 10:35:00,USDJPY,119.835,119.78,119.813,119.784
2015-04-23 10:40:00,USDJPY,119.819,119.761,119.784,119.796
2015-04-23 10:45:00,USDJPY,119.806,119.737,119.799,119.762
2015-04-23 10:50:00,USDJPY,119.792,119.746,119.762,119.777
2015-04-23 10:55:00,USDJPY,119.787,119.639,119.776,119.655
2015-04-23 11:00:00,USDJPY,119.7,119.627,119.657,119.629
2015-04-23 11:05:00,USDJPY,119.717,119.63,119.63,119.711
2015-04-23 11:10:00,USDJPY,119.726,119.682,119.71,119.721
2015-04-23 11:15:00,USDJPY,119.725,119.657,119.725,119.657
2015-04-23 11:20:00,USDJPY,119.677,119.632,119.657,119.659
2015-04-23 11:25:00,USDJPY,119.665,119.574,119.659,119.617
2015-04-23 11:30:00,USDJPY,119.645,119.61,119.615,119.644
2015-04-23 11:35:00,USDJPY,119.68,119.644,119.644,119.657
2015-04-23 11:40:00,USDJPY,119.68,119.642,119.658,119.642
2015-04-23 11:45:00,USDJPY,119.669,119.626,119.64,119.653
2015-04-23 11:50:00,USDJPY,119.673,119.642,119.654,119.665
2015-04-23 11:55:00,USDJPY,119.721,119.665,119.665,119.696
2015-04-23 12:00:00,USDJPY,119.699,119.665,119.698,119.672
2015-04-23 12:05:00,USDJPY,119.681,119.616,119.674,119.625
2015-04-23 12:10:00,USDJPY,119.655,119.597,119.626,119.597
2015-04-23 12:15:00,USDJPY,119.612,119.571,119.599,119.601
2015-04-23 12:20:00,USDJPY,119.636,119.599,119.601,119.627
2015-04-23 12:25:00,USDJPY,119.65,119.613,119.625,119.634
2015-04-23 12:30:00,USDJPY,119.636,119.589,119.633,119.61
2015-04-23 12:35:00,USDJPY,119.641,119.597,119.607,119.627
2015-04-23 12:40:00,USDJPY,119.661,119.625,119.627,119.651
2015-04-23 12:45:00,USDJPY,119.708,119.65,119.652,119.682
2015-04-23 12:50:00,USDJPY,119.696,119.668,119.685,119.692
2015-04-23 12:55:00,USDJPY,119.71,119.681,119.692,119.707
2015-04-23 13:00:00,USDJPY,119.715,119.618,119.707,119.618
2015-04-23 13:05:00,USDJPY,119.644,119.598,119.622,119.598
2015-04-23 13:10:00,USDJPY,119.614,119.535,119.598,119.586
2015-04-23 13:15:00,USDJPY,119.61,119.569,119.586,119.606
2015-04-23 13:20:00,USDJPY,119.627,119.602,119.608,119.625
2015-04-23 13:25:00,USDJPY,119.626,119.595,119.625,119.599
2015-04-23 13:30:00,USDJPY,119.603,119.569,119.598,119.591
2015-04-23 13:35:00,USDJPY,119.591,119.558,119.589,119.579
2015-04-23 13:40:00,USDJPY,119.578,119.512,119.578,119.524
2015-04-23 13:45:00,USDJPY,119.565,119.526,119.526,119.556
2015-04-23 13:50:00,USDJPY,119.557,119.475,119.556,119.522
2015-04-23 13:55:00,USDJPY,119.552,119.479,119.522,119.542
2015-04-23 14:00:00,USDJPY,119.547,119.51,119.54,119.524
2015-04-23 14:05:00,USDJPY,119.581,119.525,119.526,119.543
2015-04-23 14:10:00,USDJPY,119.55,119.511,119.544,119.513
2015-04-23 14:15:00,USDJPY,119.527,119.511,119.512,119.512
2015-04-23 14:20:00,USDJPY,119.533,119.494,119.512,119.53
2015-04-23 14:25:00,USDJPY,119.538,119.509,119.532,119.514
2015-04-23 14:30:00,USDJPY,119.512,119.464,119.512,119.466
2015-04-23 14:35:00,USDJPY,119.509,119.453,119.466,119.499
2015-04-23 14:40:00,USDJPY,119.502,119.468,119.499,119.468
2015-04-23 14:45:00,USDJPY,119.474,119.425,119.469,119.463
2015-04-23 14:50:00,USDJPY,119.473,119.43,119.465,119.456
2015-04-23 14:55:00,USDJPY,119.491,119.439,119.454,119.485
2015-04-23 15:00:00,USDJPY,119.509,119.475,119.488,119.508
2015-04-23 15:05:00,USDJPY,119.51,119.479,119.506,119.484
2015-04-23 15:10:00,USDJPY,119.496,119.481,119.483,119.496
2015-04-23 15:15:00,USDJPY,119.543,119.496,119.496,119.535
2015-04-23 15:20:00,USDJPY,119.551,119.509,119.539,119.512
2015-04-23 15:25:00,USDJPY,119.514,119.501,119.51,119.509
2015-04-23 15:30:00,USDJPY,119.526,119.496,119.51,119.524
2015-04-23 15:35:00,USDJPY,119.538,119.519,119.524,119.526
2015-04-23 15:40:00,USDJPY,119.538,119.522,119.527,119.527
2015-04-23 15:45:00,USDJPY,119.533,119.506,119.526,119.512
2015-04-23 15:50:00,USDJPY,119.514,119.491,119.512,119.493
2015-04-23 15:55:00,USDJPY,119.512,119.482,119.49,119.502
2015-04-23 16:00:00,USDJPY,119.53,119.495,119.504,119.529
2015-04-23 16:05:00,USDJPY,119.54,119.513,119.529,119.514
2015-04-23 16:10:00,USDJPY,119.515,119.499,119.513,119.5
2015-04-23 16:15:00,USDJPY,119.516,119.499,119.502,119.509
2015-04-23 16:20:00,USDJPY,119.527,119.5,119.509,119.522
2015-04-23 16:25:00,USDJPY,119.522,119.49,119.521,119.493
2015-04-23 16:30:00,USDJPY,119.521,119.494,119.494,119.51
2015-04-23 16:35:00,USDJPY,119.558,119.508,119.509,119.535
2015-04-23 16:40:00,USDJPY,119.537,119.52,119.533,119.532
2015-04-23 16:45:00,USDJPY,119.533,119.523,119.533,119.53
2015-04-23 16:50:00,USDJPY,119.593,119.524,119.532,119.581
2015-04-23 16:55:00,USDJPY,119.597,119.569,119.579,119.57
2015-04-23 17:00:00,USDJPY,119.582,119.549,119.582,119.579
2015-04-23 17:05:00,USDJPY,119.579,119.571,119.579,119.575
2015-04-23 17:10:00,USDJPY,119.578,119.529,119.572,119.548
2015-04-23 17:15:00,USDJPY,119.558,119.522,119.548,119.55
2015-04-23 17:20:00,USDJPY,119.553,119.547,119.548,119.547
2015-04-23 17:25:00,USDJPY,119.594,119.546,119.548,119.587
2015-04-23 17:30:00,USDJPY,119.594,119.577,119.587,119.588
2015-04-23 17:35:00,USDJPY,119.588,119.553,119.588,119.56
2015-04-23 17:40:00,USDJPY,119.576,119.547,119.558,119.57
2015-04-23 17:45:00,USDJPY,119.575,119.561,119.571,119.568
2015-04-23 17:50:00,USDJPY,119.586,119.561,119.568,119.58
2015-04-23 17:55:00,USDJPY,119.605,119.581,119.583,119.588
2015-04-23 18:00:00,USDJPY,119.594,119.566,119.586,119.586
2015-04-23 18:05:00,USDJPY,119.59,119.578,119.587,119.589
2015-04-23 18:10:00,USDJPY,119.59,119.58,119.589,119.582
2015-04-23 18:15:00,USDJPY,119.6,119.58,119.586,119.596
2015-04-23 18:20:00,USDJPY,119.617,119.595,119.595,119.614
2015-04-23 18:25:00,USDJPY,119.612,119.583,119.612,119.583
2015-04-23 18:30:00,USDJPY,119.632,119.581,119.583,119.629
2015-04-23 18:35:00,USDJPY,119.659,119.626,119.626,119.65
2015-04-23 18:40:00,USDJPY,119.653,119.615,119.649,119.615
2015-04-23 18:45:00,USDJPY,119.632,119.602,119.615,119.617
2015-04-23 18:50:00,USDJPY,119.627,119.614,119.616,119.626
2015-04-23 18:55:00,USDJPY,119.641,119.623,119.629,119.627
2015-04-23 19:00:00,USDJPY,119.641,119.602,119.627,119.604
2015-04-23 19:05:00,USDJPY,119.613,119.581,119.603,119.585
2015-04-23 19:10:00,USDJPY,119.604,119.586,119.587,119.598
2015-04-23 19:15:00,USDJPY,119.605,119.592,119.596,119.603
2015-04-23 19:20:00,USDJPY,119.623,119.601,119.603,119.617
2015-04-23 19:25:00,USDJPY,119.626,119.612,119.618,119.621
2015-04-23 19:30:00,USDJPY,119.622,119.593,119.621,119.619
2015-04-23 19:35:00,USDJPY,119.619,119.597,119.619,119.597
2015-04-23 19:40:00,USDJPY,119.624,119.595,119.597,119.616
2015-04-23 19:45:00,USDJPY,119.624,119.588,119.616,119.603
2015-04-23 19:50:00,USDJPY,119.609,119.57,119.602,119.591
2015-04-23 19:55:00,USDJPY,119.598,119.566,119.59,119.567
2015-04-23 20:00:00,USDJPY,119.595,119.568,119.568,119.584
2015-04-23 20:05:00,USDJPY,119.603,119.581,119.585,119.601
2015-04-23 20:10:00,USDJPY,119.618,119.594,119.599,119.603
2015-04-23 20:15:00,USDJPY,119.609,119.584,119.604,119.593
2015-04-23 20:20:00,USDJPY,119.598,119.532,119.588,119.541
2015-04-23 20:25:00,USDJPY,119.549,119.519,119.54,119.534
2015-04-23 20:30:00,USDJPY,119.541,119.522,119.535,119.53
2015-04-23 20:35:00,USDJPY,119.537,119.505,119.53,119.505
2015-04-23 20:40:00,USDJPY,119.506,119.465,119.503,119.478
2015-04-23 20:45:00,USDJPY,119.492,119.439,119.477,119.488
2015-04-23 20:50:00,USDJPY,119.509,119.464,119.488,119.509
2015-04-23 20:55:00,USDJPY,119.509,119.468,119.509,119.477
2015-04-23 21:00:00,USDJPY,119.537,119.468,119.477,119.525
2015-04-23 21:05:00,USDJPY,119.534,119.467,119.524,119.467
2015-04-23 21:10:00,USDJPY,119.479,119.441,119.468,119.47
2015-04-23 21:15:00,USDJPY,119.507,119.469,119.471,119.495
2015-04-23 21:20:00,USDJPY,119.524,119.481,119.493,119.52
2015-04-23 21:25:00,USDJPY,119.535,119.51,119.519,119.514
2015-04-23 21:30:00,USDJPY,119.526,119.484,119.512,119.491
2015-04-23 21:35:00,USDJPY,119.513,119.484,119.489,119.51
2015-04-23 21:40:00,USDJPY,119.529,119.493,119.509,119.505
2015-04-23 21:45:00,USDJPY,119.517,119.484,119.506,119.515
2015-04-23 21:50:00,USDJPY,119.516,119.484,119.515,119.486
2015-04-23 21:55:00,USDJPY,119.532,119.469,119.487,119.527
2015-04-23 22:00:00,USDJPY,119.534,119.484,119.534,119.523
2015-04-23 22:05:00,USDJPY,119.525,119.494,119.522,119.504
2015-04-23 22:10:00,USDJPY,119.537,119.503,119.503,119.52
2015-04-23 22:15:00,USDJPY,119.529,119.5,119.52,119.514
2015-04-23 22:20:00,USDJPY,119.521,119.494,119.514,119.519
2015-04-23 22:25:00,USDJPY,119.522,119.498,119.52,119.501
2015-04-23 22:30:00,USDJPY,119.506,119.483,119.503,119.492
2015-04-23 22:35:00,USDJPY,119.506,119.488,119.491,119.495
2015-04-23 22:40:00,USDJPY,119.511,119.491,119.494,119.51
2015-04-23 22:45:00,USDJPY,119.526,119.51,119.51,119.522
2015-04-23 22:50:00,USDJPY,119.529,119.512,119.523,119.529
2015-04-23 22:55:00,USDJPY,119.566,119.526,119.529,119.542
2015-04-23 23:00:00,USDJPY,119.543,119.52,119.542,119.539
2015-04-23 23:05:00,USDJPY,119.555,119.537,119.54,119.542
2015-04-23 23:10:00,USDJPY,119.565,119.541,119.541,119.561
2015-04-23 23:15:00,USDJPY,119.56,119.539,119.56,119.555
2015-04-23 23:20:00,USDJPY,119.561,119.542,119.554,119.543
2015-04-23 23:25:00,USDJPY,119.568,119.531,119.541,119.555
2015-04-23 23:30:00,USDJPY,119.613,119.557,119.557,119.595
2015-04-23 23:35:00,USDJPY,119.632,119.594,119.595,119.615
2015-04-23 23:40:00,USDJPY,119.615,119.562,119.614,119.568
2015-04-23 23:45:00,USDJPY,119.576,119.534,119.567,119.534
2015-04-23 23:50:00,USDJPY,119.557,119.533,119.536,119.544
2015-04-23 23:55:00,USDJPY,119.566,119.538,119.544,119.544
2015-04-24 00:00:00,USDJPY,119.556,119.539,119.544,119.551
2015-04-24 00:05:00,USDJPY,119.565,119.545,119.552,119.558
2015-04-24 00:10:00,USDJPY,119.574,119.556,119.557,119.558
2015-04-24 00:15:00,USDJPY,119.567,119.542,119.56,119.544
2015-04-24 00:20:00,USDJPY,119.57,119.543,119.546,119.564
2015-04-24 00:25:00,USDJPY,119.568,119.547,119.564,119.55
2015-04-24 00:30:00,USDJPY,119.551,119.533,119.551,119.535
2015-04-24 00:35:00,USDJPY,119.546,119.523,119.535,119.523
2015-04-24 00:40:00,USDJPY,119.545,119.522,119.522,119.539
2015-04-24 00:45:00,USDJPY,119.538,119.518,119.538,119.534
2015-04-24 00:50:00,USDJPY,119.542,119.522,119.534,119.524
2015-04-24 00:55:00,USDJPY,119.535,119.502,119.525,119.511
2015-04-24 01:00:00,USDJPY,119.603,119.502,119.511,119.591
2015-04-24 01:05:00,USDJPY,119.604,119.553,119.59,119.556
2015-04-24 01:10:00,USDJPY,119.562,119.514,119.557,119.519
2015-04-24 01:15:00,USDJPY,119.527,119.505,119.517,119.515
2015-04-24 01:20:00,USDJPY,119.533,119.504,119.515,119.504
2015-04-24 01:25:00,USDJPY,119.535,119.492,119.502,119.534
2015-04-24 01:30:00,USDJPY,119.535,119.52,119.534,119.534
2015-04-24 01:35:00,USDJPY,119.539,119.526,119.534,119.533
2015-04-24 01:40:00,USDJPY,119.544,119.514,119.533,119.544
2015-04-24 01:45:00,USDJPY,119.553,119.518,119.545,119.52
2015-04-24 01:50:00,USDJPY,119.522,119.497,119.519,119.498
2015-04-24 01:55:00,USDJPY,119.507,119.495,119.498,119.499
2015-04-24 02:00:00,USDJPY,119.528,119.493,119.498,119.499
2015-04-24 02:05:00,USDJPY,119.517,119.485,119.5,119.514
2015-04-24 02:10:00,USDJPY,119.544,119.514,119.514,119.542
2015-04-24 02:15:00,USDJPY,119.552,119.508,119.543,119.528
2015-04-24 02:20:00,USDJPY,119.534,119.378,119.528,119.405
2015-04-24 02:25:00,USDJPY,119.413,119.317,119.404,119.342
2015-04-24 02:30:00,USDJPY,119.359,119.297,119.342,119.315
2015-04-24 02:35:00,USDJPY,119.35,119.311,119.316,119.336
2015-04-24 02:40:00,USDJPY,119.37,119.319,119.336,119.347
2015-04-24 02:45:00,USDJPY,119.347,119.222,119.347,119.242
2015-04-24 02:50:00,USDJPY,119.273,119.206,119.243,119.249
2015-04-24 02:55:00,USDJPY,119.253,119.152,119.25,119.185
2015-04-24 03:00:00,USDJPY,119.243,119.178,119.186,119.23
2015-04-24 03:05:00,USDJPY,119.265,119.224,119.232,119.265
2015-04-24 03:10:00,USDJPY,119.267,119.183,119.267,119.209
2015-04-24 03:15:00,USDJPY,119.245,119.161,119.21,119.179
2015-04-24 03:20:00,USDJPY,119.253,119.18,119.18,119.214
2015-04-24 03:25:00,USDJPY,119.253,119.193,119.213,119.228
2015-04-24 03:30:00,USDJPY,119.293,119.224,119.226,119.274
2015-04-24 03:35:00,USDJPY,119.348,119.265,119.273,119.341
2015-04-24 03:40:00,USDJPY,119.342,119.303,119.34,119.308
2015-04-24 03:45:00,USDJPY,119.374,119.298,119.306,119.371
2015-04-24 03:50:00,USDJPY,119.385,119.332,119.372,119.334
2015-04-24 03:55:00,USDJPY,119.352,119.292,119.338,119.294
2015-04-24 04:00:00,USDJPY,119.328,119.25,119.293,119.3
2015-04-24 04:05:00,USDJPY,119.314,119.255,119.3,119.273
2015-04-24 04:10:00,USDJPY,119.324,119.27,119.271,119.306
2015-04-24 04:15:00,USDJPY,119.35,119.293,119.306,119.339
2015-04-24 04:20:00,USDJPY,119.365,119.33,119.338,119.364
2015-04-24 04:25:00,USDJPY,119.364,119.327,119.364,119.327
2015-04-24 04:30:00,USDJPY,119.383,119.292,119.327,119.382
2015-04-24 04:35:00,USDJPY,119.435,119.376,119.383,119.421
2015-04-24 04:40:00,USDJPY,119.488,119.419,119.421,119.483
2015-04-24 04:45:00,USDJPY,119.495,119.466,119.49,119.483
2015-04-24 04:50:00,USDJPY,119.507,119.473,119.483,119.49
2015-04-24 04:55:00,USDJPY,119.503,119.466,119.489,119.49
2015-04-24 05:00:00,USDJPY,119.547,119.49,119.49,119.542
2015-04-24 05:05:00,USDJPY,119.585,119.539,119.541,119.585
2015-04-24 05:10:00,USDJPY,119.592,119.541,119.59,119.554
2015-04-24 05:15:00,USDJPY,119.568,119.523,119.55,119.527
2015-04-24 05:20:00,USDJPY,119.557,119.524,119.527,119.556
2015-04-24 05:25:00,USDJPY,119.569,119.548,119.557,119.551
2015-04-24 05:30:00,USDJPY,119.561,119.515,119.551,119.517
2015-04-24 05:35:00,USDJPY,119.521,119.475,119.519,119.51
2015-04-24 05:40:00,USDJPY,119.516,119.478,119.511,119.48
2015-04-24 05:45:00,USDJPY,119.487,119.467,119.48,119.478
2015-04-24 05:50:00,USDJPY,119.514,119.478,119.478,119.512
2015-04-24 05:55:00,USDJPY,119.574,119.511,119.512,119.573
2015-04-24 06:00:00,USDJPY,119.575,119.507,119.575,119.523
2015-04-24 06:05:00,USDJPY,119.558,119.517,119.521,119.529
2015-04-24 06:10:00,USDJPY,119.559,119.52,119.534,119.555
2015-04-24 06:15:00,USDJPY,119.558,119.504,119.555,119.508
2015-04-24 06:20:00,USDJPY,119.523,119.479,119.508,119.503
2015-04-24 06:25:00,USDJPY,119.535,119.502,119.505,119.518
2015-04-24 06:30:00,USDJPY,119.52,119.49,119.518,119.495
2015-04-24 06:35:00,USDJPY,119.497,119.47,119.494,119.48
2015-04-24 06:40:00,USDJPY,119.492,119.46,119.479,119.492
2015-04-24 06:45:00,USDJPY,119.5,119.473,119.49,119.484
2015-04-24 06:50:00,USDJPY,119.52,119.482,119.483,119.518
2015-04-24 06:55:00,USDJPY,119.534,119.496,119.517,119.521
2015-04-24 07:00:00,USDJPY,119.559,119.522,119.522,119.537
2015-04-24 07:05:00,USDJPY,119.575,119.526,119.537,119.547
2015-04-24 07:10:00,USDJPY,119.565,119.535,119.548,119.564
2015-04-24 07:15:00,USDJPY,119.577,119.548,119.564,119.564
2015-04-24 07:20:00,USDJPY,119.578,119.553,119.565,119.566
2015-04-24 07:25:00,USDJPY,119.572,119.528,119.565,119.554
2015-04-24 07:30:00,USDJPY,119.564,119.507,119.552,119.507
2015-04-24 07:35:00,USDJPY,119.536,119.494,119.508,119.528
2015-04-24 07:40:00,USDJPY,119.53,119.494,119.528,119.497
2015-04-24 07:45:00,USDJPY,119.51,119.484,119.497,119.49
2015-04-24 07:50:00,USDJPY,119.502,119.481,119.491,119.492
2015-04-24 07:55:00,USDJPY,119.511,119.488,119.493,119.503
2015-04-24 08:00:00,USDJPY,119.514,119.482,119.503,119.507
2015-04-24 08:05:00,USDJPY,119.519,119.483,119.506,119.505
2015-04-24 08:10:00,USDJPY,119.529,119.487,119.505,119.522
2015-04-24 08:15:00,USDJPY,119.533,119.497,119.522,119.497
2015-04-24 08:20:00,USDJPY,119.499,119.463,119.496,119.47
2015-04-24 08:25:00,USDJPY,119.473,119.358,119.471,119.365
2015-04-24 08:30:00,USDJPY,119.512,119.29,119.365,119.337
2015-04-24 08:35:00,USDJPY,119.341,119.276,119.336,119.323
2015-04-24 08:40:00,USDJPY,119.379,119.317,119.323,119.353
2015-04-24 08:45:00,USDJPY,119.351,119.281,119.351,119.292
2015-04-24 08:50:00,USDJPY,119.329,119.239,119.295,119.273
2015-04-24 08:55:00,USDJPY,119.311,119.268,119.275,119.297
2015-04-24 09:00:00,USDJPY,119.302,119.207,119.298,119.264
2015-04-24 09:05:00,USDJPY,119.288,119.191,119.267,119.199
2015-04-24 09:10:00,USDJPY,119.218,119.12,119.199,119.165
2015-04-24 09:15:00,USDJPY,119.216,119.144,119.167,119.185
2015-04-24 09:20:00,USDJPY,119.201,119.141,119.186,119.177
2015-04-24 09:25:00,USDJPY,119.179,119.079,119.176,119.142
2015-04-24 09:30:00,USDJPY,119.16,119.095,119.142,119.114
2015-04-24 09:35:00,USDJPY,119.113,119.033,119.112,119.041
2015-04-24 09:40:00,USDJPY,119.097,119.041,119.041,119.077
2015-04-24 09:45:00,USDJPY,119.124,119.04,119.074,119.086
2015-04-24 09:50:00,USDJPY,119.15,119.048,119.084,119.142
2015-04-24 09:55:00,USDJPY,119.231,119.129,119.144,119.207
2015-04-24 10:00:00,USDJPY,119.232,119.184,119.207,119.222
2015-04-24 10:05:00,USDJPY,119.244,119.183,119.222,119.206
2015-04-24 10:10:00,USDJPY,119.22,119.122,119.206,119.123
2015-04-24 10:15:00,USDJPY,119.126,119.053,119.123,119.061
2015-04-24 10:20:00,USDJPY,119.131,119.061,119.061,119.124
2015-04-24 10:25:00,USDJPY,119.131,119.076,119.123,119.095
2015-04-24 10:30:00,USDJPY,119.114,119.075,119.098,119.09
2015-04-24 10:35:00,USDJPY,119.118,119.069,119.092,119.097
2015-04-24 10:40:00,USDJPY,119.114,119.059,119.098,119.07
2015-04-24 10:45:00,USDJPY,119.086,119.014,119.069,119.027
2015-04-24 10:50:00,USDJPY,119.077,119.021,119.026,119.054
2015-04-24 10:55:00,USDJPY,119.066,118.989,119.055,118.999
2015-04-24 11:00:00,USDJPY,119.002,118.923,118.998,118.945
2015-04-24 11:05:00,USDJPY,118.986,118.931,118.945,118.985
2015-04-24 11:10:00,USDJPY,119.0,118.952,118.985,118.985
2015-04-24 11:15:00,USDJPY,118.999,118.92,118.987,118.941
2015-04-24 11:20:00,USDJPY,118.947,118.912,118.941,118.943
2015-04-24 11:25:00,USDJPY,118.949,118.867,118.942,118.946
2015-04-24 11:30:00,USDJPY,118.96,118.929,118.946,118.945
2015-04-24 11:35:00,USDJPY,118.96,118.933,118.946,118.946
2015-04-24 11:40:00,USDJPY,118.96,118.943,118.946,118.955
2015-04-24 11:45:00,USDJPY,118.963,118.932,118.955,118.937
2015-04-24 11:50:00,USDJPY,118.957,118.933,118.935,118.934
2015-04-24 11:55:00,USDJPY,118.983,118.932,118.933,118.98
2015-04-24 12:00:00,USDJPY,118.985,118.968,118.981,118.98
2015-04-24 12:05:00,USDJPY,118.982,118.944,118.979,118.945
2015-04-24 12:10:00,USDJPY,119.002,118.94,118.946,118.997
2015-04-24 12:15:00,USDJPY,119.002,118.968,118.997,118.979
2015-04-24 12:20:00,USDJPY,119.0,118.962,118.979,118.962
2015-04-24 12:25:00,USDJPY,118.987,118.966,118.966,118.978
2015-04-24 12:30:00,USDJPY,118.996,118.976,118.98,118.99
2015-04-24 12:35:00,USDJPY,118.996,118.981,118.99,118.985
2015-04-24 12:40:00,USDJPY,118.992,118.955,118.985,118.965
2015-04-24 12:45:00,USDJPY,118.976,118.966,118.966,118.972
2015-04-24 12:50:00,USDJPY,119.022,118.972,118.972,119.018
2015-04-24 12:55:00,USDJPY,119.05,119.011,119.018,119.044
2015-04-24 13:00:00,USDJPY,119.045,119.01,119.042,119.024
2015-04-24 13:05:00,USDJPY,119.032,119.014,119.025,119.026
2015-04-24 13:10:00,USDJPY,119.039,119.014,119.027,119.027
2015-04-24 13:15:00,USDJPY,119.04,119.025,119.027,119.031
2015-04-24 13:20:00,USDJPY,119.056,119.03,119.032,119.038
2015-04-24 13:25:00,USDJPY,119.044,119.024,119.039,119.027
2015-04-24 13:30:00,USDJPY,119.038,119.023,119.027,119.035
2015-04-24 13:35:00,USDJPY,119.035,119.021,119.035,119.026
2015-04-24 13:40:00,USDJPY,119.033,118.98,119.027,118.984
2015-04-24 13:45:00,USDJPY,118.99,118.945,118.984,118.952
2015-04-24 13:50:00,USDJPY,118.954,118.927,118.952,118.945
2015-04-24 13:55:00,USDJPY,118.955,118.93,118.945,118.948
2015-04-24 14:00:00,USDJPY,118.957,118.941,118.949,118.947
2015-04-24 14:05:00,USDJPY,118.951,118.941,118.946,118.943
2015-04-24 14:10:00,USDJPY,118.96,118.943,118.943,118.957
2015-04-24 14:15:00,USDJPY,118.958,118.896,118.957,118.896
2015-04-24 14:20:00,USDJPY,118.901,118.874,118.899,118.879
2015-04-24 14:25:00,USDJPY,118.894,118.877,118.878,118.888
2015-04-24 14:30:00,USDJPY,118.887,118.85,118.886,118.85
2015-04-24 14:35:00,USDJPY,118.886,118.841,118.851,118.844
2015-04-24 14:40:00,USDJPY,118.866,118.828,118.842,118.836
2015-04-24 14:45:00,USDJPY,118.87,118.832,118.836,118.857
2015-04-24 14:50:00,USDJPY,118.891,118.853,118.86,118.888
2015-04-24 14:55:00,USDJPY,118.9,118.875,118.888,118.876
2015-04-24 15:00:00,USDJPY,118.894,118.863,118.876,118.883
2015-04-24 15:05:00,USDJPY,118.887,118.857,118.882,118.857
2015-04-24 15:10:00,USDJPY,118.872,118.859,118.86,118.865
2015-04-24 15:15:00,USDJPY,118.866,118.845,118.865,118.853
2015-04-24 15:20:00,USDJPY,118.907,118.853,118.853,118.861
2015-04-24 15:25:00,USDJPY,118.871,118.846,118.864,118.848
2015-04-24 15:30:00,USDJPY,118.89,118.848,118.85,118.876
2015-04-24 15:35:00,USDJPY,118.894,118.876,118.876,118.89
2015-04-24 15:40:00,USDJPY,118.913,118.889,118.89,118.889
2015-04-24 15:45:00,USDJPY,118.898,118.873,118.89,118.873
2015-04-24 15:50:00,USDJPY,118.897,118.867,118.873,118.893
2015-04-24 15:55:00,USDJPY,118.897,118.865,118.893,118.865
2015-04-24 16:00:00,USDJPY,118.92,118.861,118.864,118.913
2015-04-24 16:05:00,USDJPY,118.931,118.904,118.912,118.923
2015-04-24 16:10:00,USDJPY,118.945,118.918,118.922,118.935
2015-04-24 16:15:00,USDJPY,118.94,118.925,118.935,118.933
2015-04-24 16:20:00,USDJPY,118.935,118.931,118.933,118.934
2015-04-24 16:25:00,USDJPY,118.934,118.907,118.932,118.928
2015-04-24 16:30:00,USDJPY,118.927,118.905,118.927,118.905
2015-04-24 16:35:00,USDJPY,118.916,118.896,118.905,118.911
2015-04-24 16:40:00,USDJPY,118.923,118.897,118.911,118.91
2015-04-24 16:45:00,USDJPY,118.917,118.897,118.907,118.901
2015-04-24 16:50:00,USDJPY,119.005,118.901,118.906,119.0
2015-04-24 16:55:00,USDJPY,119.008,118.88,119.001,118.944
2015-04-26 17:00:00,USDJPY,118.921,118.862,118.862,118.885
2015-04-26 17:05:00,USDJPY,118.928,118.871,118.886,118.91
2015-04-26 17:10:00,USDJPY,118.91,118.873,118.91,118.89
2015-04-26 17:15:00,USDJPY,118.906,118.871,118.888,118.877
2015-04-26 17:20:00,USDJPY,118.901,118.876,118.899,118.88
2015-04-26 17:25:00,USDJPY,118.883,118.879,118.882,118.882
2015-04-26 17:30:00,USDJPY,118.901,118.883,118.883,118.895
2015-04-26 17:35:00,USDJPY,118.907,118.889,118.897,118.899
2015-04-26 17:40:00,USDJPY,118.904,118.887,118.899,118.887
2015-04-26 17:45:00,USDJPY,118.899,118.887,118.887,118.891
2015-04-26 17:50:00,USDJPY,118.899,118.885,118.887,118.886
2015-04-26 17:55:00,USDJPY,118.887,118.872,118.885,118.887
2015-04-26 18:00:00,USDJPY,118.917,118.875,118.884,118.907
2015-04-26 18:05:00,USDJPY,118.905,118.887,118.905,118.893
2015-04-26 18:10:00,USDJPY,118.936,118.893,118.893,118.924
2015-04-26 18:15:00,USDJPY,118.937,118.917,118.925,118.931
2015-04-26 18:20:00,USDJPY,118.955,118.931,118.931,118.954
2015-04-26 18:25:00,USDJPY,118.954,118.941,118.954,118.941
2015-04-26 18:30:00,USDJPY,118.949,118.941,118.941,118.943
2015-04-26 18:35:00,USDJPY,118.95,118.94,118.942,118.945
2015-04-26 18:40:00,USDJPY,118.957,118.926,118.945,118.926
2015-04-26 18:45:00,USDJPY,118.937,118.909,118.926,118.909
2015-04-26 18:50:00,USDJPY,118.914,118.871,118.909,118.878
2015-04-26 18:55:00,USDJPY,118.878,118.865,118.878,118.872
2015-04-26 19:00:00,USDJPY,118.898,118.874,118.874,118.893
2015-04-26 19:05:00,USDJPY,118.894,118.885,118.892,118.885
2015-04-26 19:10:00,USDJPY,118.884,118.875,118.884,118.882
2015-04-26 19:15:00,USDJPY,118.907,118.879,118.881,118.907
2015-04-26 19:20:00,USDJPY,118.908,118.89,118.905,118.894
2015-04-26 19:25:00,USDJPY,118.935,118.886,118.892,118.932
2015-04-26 19:30:00,USDJPY,118.934,118.915,118.932,118.915
2015-04-26 19:35:00,USDJPY,118.923,118.885,118.916,118.902
2015-04-26 19:40:00,USDJPY,118.905,118.893,118.902,118.899
2015-04-26 19:45:00,USDJPY,118.918,118.899,118.899,118.9
2015-04-26 19:50:00,USDJPY,118.932,118.9,118.901,118.931
2015-04-26 19:55:00,USDJPY,118.933,118.922,118.93,118.924
2015-04-26 20:00:00,USDJPY,118.934,118.887,118.923,118.887
2015-04-26 20:05:00,USDJPY,118.887,118.812,118.887,118.825
2015-04-26 20:10:00,USDJPY,118.828,118.791,118.824,118.803
2015-04-26 20:15:00,USDJPY,118.834,118.794,118.803,118.832
2015-04-26 20:20:00,USDJPY,118.832,118.775,118.832,118.801
2015-04-26 20:25:00,USDJPY,118.818,118.796,118.8,118.816
2015-04-26 20:30:00,USDJPY,118.858,118.816,118.817,118.849
2015-04-26 20:35:00,USDJPY,118.879,118.845,118.848,118.873
2015-04-26 20:40:00,USDJPY,118.89,118.872,118.872,118.888
2015-04-26 20:45:00,USDJPY,118.886,118.842,118.886,118.856
2015-04-26 20:50:00,USDJPY,118.937,118.844,118.856,118.934
2015-04-26 20:55:00,USDJPY,118.996,118.93,118.934,118.949
2015-04-26 21:00:00,USDJPY,119.009,118.947,118.948,119.002
2015-04-26 21:05:00,USDJPY,119.002,118.964,119.002,118.971
2015-04-26 21:10:00,USDJPY,118.993,118.96,118.969,118.974
2015-04-26 21:15:00,USDJPY,118.982,118.955,118.975,118.963
2015-04-26 21:20:00,USDJPY,118.966,118.949,118.959,118.962
2015-04-26 21:25:00,USDJPY,118.965,118.926,118.963,118.933
2015-04-26 21:30:00,USDJPY,118.941,118.928,118.933,118.934
2015-04-26 21:35:00,USDJPY,118.954,118.932,118.935,118.943
2015-04-26 21:40:00,USDJPY,118.953,118.928,118.945,118.929
2015-04-26 21:45:00,USDJPY,118.945,118.929,118.929,118.943
2015-04-26 21:50:00,USDJPY,118.961,118.94,118.944,118.959
2015-04-26 21:55:00,USDJPY,118.966,118.934,118.959,118.941
2015-04-26 22:00:00,USDJPY,118.941,118.913,118.94,118.913
2015-04-26 22:05:00,USDJPY,118.918,118.902,118.911,118.91
2015-04-26 22:10:00,USDJPY,118.917,118.902,118.91,118.916
2015-04-26 22:15:00,USDJPY,118.932,118.905,118.921,118.912
2015-04-26 22:20:00,USDJPY,118.917,118.907,118.912,118.914
2015-04-26 22:25:00,USDJPY,118.914,118.877,118.914,118.903
2015-04-26 22:30:00,USDJPY,118.912,118.902,118.907,118.904
2015-04-26 22:35:00,USDJPY,118.904,118.882,118.902,118.886
2015-04-26 22:40:00,USDJPY,118.886,118.861,118.886,118.873
2015-04-26 22:45:00,USDJPY,118.89,118.872,118.872,118.89
2015-04-26 22:50:00,USDJPY,118.896,118.859,118.89,118.859
2015-04-26 22:55:00,USDJPY,118.89,118.86,118.86,118.883
2015-04-26 23:00:00,USDJPY,118.923,118.88,118.882,118.91
2015-04-26 23:05:00,USDJPY,118.913,118.885,118.913,118.908
2015-04-26 23:10:00,USDJPY,118.908,118.884,118.906,118.903
2015-04-26 23:15:00,USDJPY,118.925,118.903,118.905,118.923
2015-04-26 23:20:00,USDJPY,118.954,118.923,118.923,118.924
2015-04-26 23:25:00,USDJPY,118.934,118.921,118.925,118.933
2015-04-26 23:30:00,USDJPY,118.933,118.887,118.933,118.924
2015-04-26 23:35:00,USDJPY,118.942,118.919,118.925,118.939
2015-04-26 23:40:00,USDJPY,118.944,118.929,118.94,118.933
2015-04-26 23:45:00,USDJPY,118.946,118.915,118.933,118.945
2015-04-26 23:50:00,USDJPY,118.945,118.919,118.944,118.928
2015-04-26 23:55:00,USDJPY,118.944,118.927,118.927,118.943
2015-04-27 00:00:00,USDJPY,118.949,118.919,118.944,118.921
2015-04-27 00:05:00,USDJPY,118.927,118.91,118.919,118.919
2015-04-27 00:10:00,USDJPY,118.946,118.915,118.92,118.946
2015-04-27 00:15:00,USDJPY,118.961,118.939,118.945,118.949
2015-04-27 00:20:00,USDJPY,118.948,118.921,118.948,118.922
2015-04-27 00:25:00,USDJPY,118.933,118.918,118.922,118.93
2015-04-27 00:30:00,USDJPY,118.986,118.925,118.929,118.983
2015-04-27 00:35:00,USDJPY,119.047,118.974,118.982,119.025
2015-04-27 00:40:00,USDJPY,119.065,119.014,119.025,119.015
2015-04-27 00:45:00,USDJPY,119.024,118.992,119.017,119.004
2015-04-27 00:50:00,USDJPY,119.04,119.003,119.003,119.034
2015-04-27 00:55:00,USDJPY,119.082,119.028,119.033,119.052
2015-04-27 01:00:00,USDJPY,119.054,119.02,119.052,119.032
2015-04-27 01:05:00,USDJPY,119.051,119.023,119.032,119.031
2015-04-27 01:10:00,USDJPY,119.03,118.979,119.03,118.981
2015-04-27 01:15:00,USDJPY,118.988,118.939,118.981,118.944
2015-04-27 01:20:00,USDJPY,118.957,118.941,118.945,118.955
2015-04-27 01:25:00,USDJPY,118.983,118.956,118.956,118.974
2015-04-27 01:30:00,USDJPY,118.984,118.939,118.978,118.939
2015-04-27 01:35:00,USDJPY,118.972,118.919,118.94,118.951
2015-04-27 01:40:00,USDJPY,118.958,118.915,118.952,118.934
2015-04-27 01:45:00,USDJPY,118.964,118.929,118.934,118.93
2015-04-27 01:50:00,USDJPY,118.942,118.925,118.929,118.942
2015-04-27 01:55:00,USDJPY,118.956,118.941,118.942,118.942
2015-04-27 02:00:00,USDJPY,118.944,118.908,118.942,118.924
2015-04-27 02:05:00,USDJPY,118.985,118.916,118.925,118.984
2015-04-27 02:10:00,USDJPY,118.987,118.971,118.985,118.972
2015-04-27 02:15:00,USDJPY,118.994,118.972,118.973,118.982
2015-04-27 02:20:00,USDJPY,119.03,118.974,118.981,119.002
2015-04-27 02:25:00,USDJPY,119.01,118.991,119.002,119.004
2015-04-27 02:30:00,USDJPY,119.047,119.003,119.003,119.01
2015-04-27 02:35:00,USDJPY,119.03,119.007,119.01,119.012
2015-04-27 02:40:00,USDJPY,119.06,119.0,119.012,119.058
2015-04-27 02:45:00,USDJPY,119.171,119.052,119.059,119.155
2015-04-27 02:50:00,USDJPY,119.162,119.12,119.16,119.157
2015-04-27 02:55:00,USDJPY,119.231,119.152,119.16,119.231
2015-04-27 03:00:00,USDJPY,119.277,119.229,119.233,119.236
2015-04-27 03:05:00,USDJPY,119.268,119.211,119.239,119.222
2015-04-27 03:10:00,USDJPY,119.242,119.194,119.219,119.2
2015-04-27 03:15:00,USDJPY,119.207,119.156,119.194,119.176
2015-04-27 03:20:00,USDJPY,119.241,119.172,119.176,119.221
2015-04-27 03:25:00,USDJPY,119.22,119.163,119.22,119.214
2015-04-27 03:30:00,USDJPY,119.215,119.166,119.215,119.19
2015-04-27 03:35:00,USDJPY,119.186,119.152,119.186,119.166
2015-04-27 03:40:00,USDJPY,119.165,119.141,119.165,119.155
2015-04-27 03:45:00,USDJPY,119.167,119.13,119.153,119.153
2015-04-27 03:50:00,USDJPY,119.17,119.147,119.151,119.157
2015-04-27 03:55:00,USDJPY,119.217,119.142,119.157,119.207
2015-04-27 04:00:00,USDJPY,119.227,119.187,119.207,119.227
2015-04-27 04:05:00,USDJPY,119.263,119.226,119.226,119.235
2015-04-27 04:10:00,USDJPY,119.236,119.209,119.235,119.22
2015-04-27 04:15:00,USDJPY,119.223,119.181,119.219,119.196
2015-04-27 04:20:00,USDJPY,119.242,119.175,119.195,119.235
2015-04-27 04:25:00,USDJPY,119.266,119.221,119.236,119.235
2015-04-27 04:30:00,USDJPY,119.247,119.21,119.234,119.22
2015-04-27 04:35:00,USDJPY,119.233,119.189,119.217,119.227
2015-04-27 04:40:00,USDJPY,119.236,119.216,119.228,119.23
2015-04-27 04:45:00,USDJPY,119.232,119.205,119.231,119.207
2015-04-27 04:50:00,USDJPY,119.207,119.176,119.207,119.183
2015-04-27 04:55:00,USDJPY,119.195,119.175,119.184,119.185
2015-04-27 05:00:00,USDJPY,119.188,119.149,119.182,119.152
2015-04-27 05:05:00,USDJPY,119.417,119.152,119.152,119.276
2015-04-27 05:10:00,USDJPY,119.309,119.241,119.276,119.246
2015-04-27 05:15:00,USDJPY,119.257,119.225,119.236,119.242
2015-04-27 05:20:00,USDJPY,119.255,119.133,119.242,119.165
2015-04-27 05:25:00,USDJPY,119.166,119.106,119.164,119.154
2015-04-27 05:30:00,USDJPY,119.177,119.121,119.157,119.171
2015-04-27 05:35:00,USDJPY,119.194,119.16,119.171,119.182
2015-04-27 05:40:00,USDJPY,119.2,119.182,119.185,119.193
2015-04-27 05:45:00,USDJPY,119.232,119.193,119.194,119.207
2015-04-27 05:50:00,USDJPY,119.225,119.187,119.207,119.225
2015-04-27 05:55:00,USDJPY,119.224,119.206,119.223,119.212
2015-04-27 06:00:00,USDJPY,119.23,119.217,119.217,119.224
2015-04-27 06:05:00,USDJPY,119.257,119.207,119.223,119.247
2015-04-27 06:10:00,USDJPY,119.266,119.237,119.242,119.265
2015-04-27 06:15:00,USDJPY,119.268,119.24,119.266,119.245
2015-04-27 06:20:00,USDJPY,119.293,119.241,119.246,119.283
2015-04-27 06:25:00,USDJPY,119.299,119.281,119.283,119.291
2015-04-27 06:30:00,USDJPY,119.313,119.281,119.292,119.309
2015-04-27 06:35:00,USDJPY,119.346,119.308,119.308,119.337
2015-04-27 06:40:00,USDJPY,119.365,119.316,119.338,119.316
2015-04-27 06:45:00,USDJPY,119.329,119.292,119.316,119.32
2015-04-27 06:50:00,USDJPY,119.325,119.305,119.321,119.323
2015-04-27 06:55:00,USDJPY,119.334,119.299,119.323,119.303
2015-04-27 07:00:00,USDJPY,119.35,119.302,119.304,119.319
2015-04-27 07:05:00,USDJPY,119.333,119.306,119.317,119.309
2015-04-27 07:10:00,USDJPY,119.313,119.275,119.309,119.282
2015-04-27 07:15:00,USDJPY,119.323,119.279,119.281,119.311
2015-04-27 07:20:00,USDJPY,119.336,119.305,119.312,119.323
2015-04-27 07:25:00,USDJPY,119.323,119.292,119.323,119.32
2015-04-27 07:30:00,USDJPY,119.335,119.311,119.321,119.325
2015-04-27 07:35:00,USDJPY,119.333,119.307,119.324,119.318
2015-04-27 07:40:00,USDJPY,119.353,119.31,119.316,119.334
2015-04-27 07:45:00,USDJPY,119.383,119.328,119.334,119.373
2015-04-27 07:50:00,USDJPY,119.38,119.348,119.374,119.352
2015-04-27 07:55:00,USDJPY,119.387,119.351,119.351,119.384
2015-04-27 08:00:00,USDJPY,119.387,119.361,119.383,119.381
2015-04-27 08:05:00,USDJPY,119.385,119.36,119.38,119.374
2015-04-27 08:10:00,USDJPY,119.43,119.373,119.375,119.422
2015-04-27 08:15:00,USDJPY,119.423,119.403,119.423,119.42
2015-04-27 08:20:00,USDJPY,119.422,119.361,119.419,119.372
2015-04-27 08:25:00,USDJPY,119.37,119.333,119.37,119.341
2015-04-27 08:30:00,USDJPY,119.362,119.324,119.341,119.356
2015-04-27 08:35:00,USDJPY,119.395,119.351,119.355,119.384
2015-04-27 08:40:00,USDJPY,119.394,119.339,119.385,119.35
2015-04-27 08:45:00,USDJPY,119.351,119.324,119.35,119.341
2015-04-27 08:50:00,USDJPY,119.364,119.339,119.341,119.357
2015-04-27 08:55:00,USDJPY,119.389,119.354,119.355,119.373
2015-04-27 09:00:00,USDJPY,119.403,119.351,119.371,119.36
2015-04-27 09:05:00,USDJPY,119.375,119.346,119.362,119.363
2015-04-27 09:10:00,USDJPY,119.378,119.334,119.363,119.34
2015-04-27 09:15:00,USDJPY,119.362,119.304,119.344,119.315
2015-04-27 09:20:00,USDJPY,119.339,119.291,119.315,119.339
2015-04-27 09:25:00,USDJPY,119.358,119.321,119.339,119.322
2015-04-27 09:30:00,USDJPY,119.359,119.309,119.322,119.337
2015-04-27 09:35:00,USDJPY,119.367,119.324,119.337,119.363
2015-04-27 09:40:00,USDJPY,119.389,119.35,119.364,119.359
2015-04-27 09:45:00,USDJPY,119.369,119.336,119.358,119.352
2015-04-27 09:50:00,USDJPY,119.398,119.351,119.353,119.393
2015-04-27 09:55:00,USDJPY,119.433,119.391,119.394,119.404
2015-04-27 10:00:00,USDJPY,119.407,119.364,119.403,119.366
2015-04-27 10:05:00,USDJPY,119.368,119.331,119.365,119.335
2015-04-27 10:10:00,USDJPY,119.343,119.291,119.335,119.322
2015-04-27 10:15:00,USDJPY,119.329,119.304,119.322,119.309
2015-04-27 10:20:00,USDJPY,119.308,119.223,119.308,119.246
2015-04-27 10:25:00,USDJPY,119.255,119.225,119.244,119.242
2015-04-27 10:30:00,USDJPY,119.251,119.202,119.243,119.246
2015-04-27 10:35:00,USDJPY,119.245,119.211,119.245,119.222
2015-04-27 10:40:00,USDJPY,119.258,119.198,119.222,119.252
2015-04-27 10:45:00,USDJPY,119.264,119.237,119.252,119.238
2015-04-27 10:50:00,USDJPY,119.247,119.184,119.238,119.195
2015-04-27 10:55:00,USDJPY,119.222,119.129,119.194,119.136
2015-04-27 11:00:00,USDJPY,119.157,119.103,119.135,119.131
2015-04-27 11:05:00,USDJPY,119.151,119.101,119.129,119.121
2015-04-27 11:10:00,USDJPY,119.142,119.091,119.122,119.122
2015-04-27 11:15:00,USDJPY,119.171,119.118,119.123,119.166
2015-04-27 11:20:00,USDJPY,119.2,119.139,119.166,119.14
2015-04-27 11:25:00,USDJPY,119.148,119.108,119.139,119.132
2015-04-27 11:30:00,USDJPY,119.136,119.055,119.13,119.083
2015-04-27 11:35:00,USDJPY,119.115,119.076,119.083,119.095
2015-04-27 11:40:00,USDJPY,119.123,119.094,119.096,119.12
2015-04-27 11:45:00,USDJPY,119.136,119.111,119.12,119.126
2015-04-27 11:50:00,USDJPY,119.163,119.119,119.125,119.149
2015-04-27 11:55:00,USDJPY,119.16,119.118,119.15,119.132
2015-04-27 12:00:00,USDJPY,119.141,119.102,119.132,119.103
2015-04-27 12:05:00,USDJPY,119.106,119.023,119.1,119.042
2015-04-27 12:10:00,USDJPY,119.041,119.012,119.04,119.037
2015-04-27 12:15:00,USDJPY,119.041,119.012,119.038,119.013
2015-04-27 12:20:00,USDJPY,119.015,118.981,119.013,118.981
2015-04-27 12:25:00,USDJPY,118.989,118.943,118.981,118.97
2015-04-27 12:30:00,USDJPY,119.001,118.968,118.971,118.969
2015-04-27 12:35:00,USDJPY,118.985,118.944,118.967,118.957
2015-04-27 12:40:00,USDJPY,118.962,118.925,118.959,118.929
2015-04-27 12:45:00,USDJPY,118.936,118.91,118.93,118.926
2015-04-27 12:50:00,USDJPY,118.935,118.902,118.927,118.926
2015-04-27 12:55:00,USDJPY,118.944,118.923,118.925,118.935
2015-04-27 13:00:00,USDJPY,118.968,118.912,118.935,118.967
2015-04-27 13:05:00,USDJPY,118.979,118.943,118.966,118.95
2015-04-27 13:10:00,USDJPY,118.966,118.943,118.95,118.959
2015-04-27 13:15:00,USDJPY,118.959,118.931,118.959,118.932
2015-04-27 13:20:00,USDJPY,118.971,118.929,118.933,118.966
2015-04-27 13:25:00,USDJPY,119.001,118.966,118.966,118.991
2015-04-27 13:30:00,USDJPY,119.02,118.977,118.994,118.998
2015-04-27 13:35:00,USDJPY,119.012,118.968,118.998,118.971
2015-04-27 13:40:00,USDJPY,118.991,118.952,118.971,118.991
2015-04-27 13:45:00,USDJPY,119.057,118.986,118.99,119.042
2015-04-27 13:50:00,USDJPY,119.047,119.003,119.043,119.007
2015-04-27 13:55:00,USDJPY,119.049,119.005,119.008,119.042
2015-04-27 14:00:00,USDJPY,119.05,119.021,119.039,119.024
2015-04-27 14:05:00,USDJPY,119.042,119.018,119.025,119.04
2015-04-27 14:10:00,USDJPY,119.071,119.04,119.041,119.048
2015-04-27 14:15:00,USDJPY,119.056,119.032,119.05,119.051
2015-04-27 14:20:00,USDJPY,119.074,119.052,119.052,119.066
2015-04-27 14:25:00,USDJPY,119.081,119.066,119.067,119.08
2015-04-27 14:30:00,USDJPY,119.084,119.047,119.081,119.057
2015-04-27 14:35:00,USDJPY,119.055,119.017,119.054,119.023
2015-04-27 14:40:00,USDJPY,119.062,119.02,119.023,119.056
2015-04-27 14:45:00,USDJPY,119.058,119.028,119.058,119.047
2015-04-27 14:50:00,USDJPY,119.055,119.04,119.047,119.05
2015-04-27 14:55:00,USDJPY,119.091,119.049,119.049,119.071
2015-04-27 15:00:00,USDJPY,119.085,119.047,119.069,119.085
2015-04-27 15:05:00,USDJPY,119.106,119.081,119.086,119.093
2015-04-27 15:10:00,USDJPY,119.094,119.072,119.092,119.09
2015-04-27 15:15:00,USDJPY,119.105,119.076,119.09,119.09
2015-04-27 15:20:00,USDJPY,119.095,119.064,119.089,119.091
2015-04-27 15:25:00,USDJPY,119.115,119.082,119.092,119.106
2015-04-27 15:30:00,USDJPY,119.136,119.1,119.107,119.127
2015-04-27 15:35:00,USDJPY,119.127,119.106,119.125,119.108
2015-04-27 15:40:00,USDJPY,119.11,119.09,119.11,119.09
2015-04-27 15:45:00,USDJPY,119.096,119.072,119.088,119.087
2015-04-27 15:50:00,USDJPY,119.099,119.075,119.087,119.087
2015-04-27 15:55:00,USDJPY,119.106,119.082,119.088,119.095
2015-04-27 16:00:00,USDJPY,119.108,119.091,119.091,119.091
2015-04-27 16:05:00,USDJPY,119.111,119.089,119.093,119.111
2015-04-27 16:10:00,USDJPY,119.122,119.11,119.111,119.11
2015-04-27 16:15:00,USDJPY,119.12,119.101,119.11,119.104
2015-04-27 16:20:00,USDJPY,119.105,119.091,119.103,119.096
2015-04-27 16:25:00,USDJPY,119.095,119.074,119.095,119.079
2015-04-27 16:30:00,USDJPY,119.085,119.075,119.08,119.082
2015-04-27 16:35:00,USDJPY,119.091,119.077,119.082,119.089
2015-04-27 16:40:00,USDJPY,119.092,119.071,119.092,119.074
2015-04-27 16:45:00,USDJPY,119.074,119.052,119.072,119.057
2015-04-27 16:50:00,USDJPY,119.059,119.031,119.059,119.036
2015-04-27 16:55:00,USDJPY,119.038,119.022,119.036,119.03
2015-04-27 17:00:00,USDJPY,119.039,118.977,119.025,119.025
2015-04-27 17:05:00,USDJPY,119.056,119.025,119.025,119.036
2015-04-27 17:10:00,USDJPY,119.044,119.017,119.036,119.033
2015-04-27 17:15:00,USDJPY,119.049,119.031,119.033,119.049
2015-04-27 17:20:00,USDJPY,119.054,119.041,119.049,119.054
2015-04-27 17:25:00,USDJPY,119.071,119.049,119.054,119.049
2015-04-27 17:30:00,USDJPY,119.083,119.049,119.05,119.062
2015-04-27 17:35:00,USDJPY,119.062,119.045,119.062,119.051
2015-04-27 17:40:00,USDJPY,119.085,119.048,119.049,119.085
2015-04-27 17:45:00,USDJPY,119.097,119.068,119.087,119.071
2015-04-27 17:50:00,USDJPY,119.112,119.07,119.075,119.094
2015-04-27 17:55:00,USDJPY,119.118,119.084,119.094,119.1
2015-04-27 18:00:00,USDJPY,119.112,119.072,119.1,119.108
2015-04-27 18:05:00,USDJPY,119.106,119.086,119.106,119.098
2015-04-27 18:10:00,USDJPY,119.115,119.098,119.098,119.11
2015-04-27 18:15:00,USDJPY,119.121,119.103,119.11,119.117
2015-04-27 18:20:00,USDJPY,119.14,119.118,119.12,119.136
2015-04-27 18:25:00,USDJPY,119.156,119.127,119.132,119.147
2015-04-27 18:30:00,USDJPY,119.154,119.092,119.147,119.124
2015-04-27 18:35:00,USDJPY,119.125,119.121,119.124,119.122
2015-04-27 18:40:00,USDJPY,119.127,119.119,119.122,119.12
2015-04-27 18:45:00,USDJPY,119.12,119.086,119.12,119.088
2015-04-27 18:50:00,USDJPY,119.088,119.076,119.088,119.079
2015-04-27 18:55:00,USDJPY,119.109,119.078,119.078,119.104
2015-04-27 19:00:00,USDJPY,119.119,119.085,119.104,119.096
2015-04-27 19:05:00,USDJPY,119.097,119.081,119.095,119.088
2015-04-27 19:10:00,USDJPY,119.105,119.079,119.088,119.086
2015-04-27 19:15:00,USDJPY,119.105,119.087,119.087,119.105
2015-04-27 19:20:00,USDJPY,119.123,119.099,119.104,119.113
2015-04-27 19:25:00,USDJPY,119.134,119.11,119.113,119.132
2015-04-27 19:30:00,USDJPY,119.15,119.12,119.134,119.144
2015-04-27 19:35:00,USDJPY,119.169,119.136,119.145,119.152
2015-04-27 19:40:00,USDJPY,119.19,119.153,119.153,119.17
2015-04-27 19:45:00,USDJPY,119.175,119.134,119.171,119.142
2015-04-27 19:50:00,USDJPY,119.16,119.131,119.143,119.148
2015-04-27 19:55:00,USDJPY,119.15,119.123,119.149,119.133
2015-04-27 20:00:00,USDJPY,119.141,119.113,119.133,119.113
2015-04-27 20:05:00,USDJPY,119.127,119.102,119.114,119.121
2015-04-27 20:10:00,USDJPY,119.138,119.104,119.121,119.104
2015-04-27 20:15:00,USDJPY,119.113,119.069,119.105,119.086
2015-04-27 20:20:00,USDJPY,119.097,119.068,119.086,119.083
2015-04-27 20:25:00,USDJPY,119.1,119.082,119.085,119.089
2015-04-27 20:30:00,USDJPY,119.099,119.069,119.09,119.094
2015-04-27 20:35:00,USDJPY,119.108,119.073,119.094,119.096
2015-04-27 20:40:00,USDJPY,119.117,119.083,119.096,119.102
2015-04-27 20:45:00,USDJPY,119.107,119.082,119.102,119.083
2015-04-27 20:50:00,USDJPY,119.146,119.082,119.082,119.124
2015-04-27 20:55:00,USDJPY,119.166,119.131,119.131,119.144
2015-04-27 21:00:00,USDJPY,119.197,119.137,119.143,119.174
2015-04-27 21:05:00,USDJPY,119.177,119.115,119.173,119.117
2015-04-27 21:10:00,USDJPY,119.137,119.108,119.119,119.11
2015-04-27 21:15:00,USDJPY,119.111,119.085,119.108,119.087
2015-04-27 21:20:00,USDJPY,119.087,119.071,119.087,119.082
2015-04-27 21:25:00,USDJPY,119.089,119.043,119.082,119.072
2015-04-27 21:30:00,USDJPY,119.08,119.064,119.069,119.073
2015-04-27 21:35:00,USDJPY,119.074,119.042,119.074,119.064
2015-04-27 21:40:00,USDJPY,119.064,119.033,119.064,119.038
2015-04-27 21:45:00,USDJPY,119.097,119.029,119.04,119.089
2015-04-27 21:50:00,USDJPY,119.105,119.084,119.087,119.093
2015-04-27 21:55:00,USDJPY,119.11,119.082,119.093,119.101
2015-04-27 22:00:00,USDJPY,119.11,119.088,119.11,119.09
2015-04-27 22:05:00,USDJPY,119.107,119.086,119.091,119.104
2015-04-27 22:10:00,USDJPY,119.106,119.079,119.105,119.087
2015-04-27 22:15:00,USDJPY,119.087,119.063,119.086,119.069
2015-04-27 22:20:00,USDJPY,119.091,119.069,119.069,119.091
2015-04-27 22:25:00,USDJPY,119.111,119.084,119.09,119.091
2015-04-27 22:30:00,USDJPY,119.102,119.07,119.09,119.099
2015-04-27 22:35:00,USDJPY,119.14,119.099,119.1,119.135
2015-04-27 22:40:00,USDJPY,119.136,119.108,119.135,119.108
2015-04-27 22:45:00,USDJPY,119.117,119.096,119.109,119.098
2015-04-27 22:50:00,USDJPY,119.112,119.097,119.099,119.111
2015-04-27 22:55:00,USDJPY,119.112,119.063,119.112,119.063
2015-04-27 23:00:00,USDJPY,119.093,119.063,119.063,119.077
2015-04-27 23:05:00,USDJPY,119.093,119.074,119.078,119.092
2015-04-27 23:10:00,USDJPY,119.095,119.084,119.092,119.084
2015-04-27 23:15:00,USDJPY,119.093,119.076,119.085,119.078
2015-04-27 23:20:00,USDJPY,119.084,119.06,119.078,119.063
2015-04-27 23:25:00,USDJPY,119.083,119.048,119.062,119.081
2015-04-27 23:30:00,USDJPY,119.091,119.056,119.079,119.064
2015-04-27 23:35:00,USDJPY,119.081,119.062,119.066,119.069
2015-04-27 23:40:00,USDJPY,119.078,119.054,119.068,119.072
2015-04-27 23:45:00,USDJPY,119.106,119.072,119.072,119.101
2015-04-27 23:50:00,USDJPY,119.132,119.089,119.101,119.093
2015-04-27 23:55:00,USDJPY,119.093,119.083,119.093,119.085
2015-04-28 00:00:00,USDJPY,119.097,119.085,119.085,119.095
2015-04-28 00:05:00,USDJPY,119.125,119.096,119.096,119.112
2015-04-28 00:10:00,USDJPY,119.127,119.104,119.113,119.113
2015-04-28 00:15:00,USDJPY,119.122,119.099,119.114,119.104
2015-04-28 00:20:00,USDJPY,119.12,119.092,119.102,119.119
2015-04-28 00:25:00,USDJPY,119.124,119.109,119.116,119.115
2015-04-28 00:30:00,USDJPY,119.136,119.11,119.115,119.122
2015-04-28 00:35:00,USDJPY,119.134,119.118,119.122,119.122
2015-04-28 00:40:00,USDJPY,119.138,119.118,119.122,119.126
2015-04-28 00:45:00,USDJPY,119.134,119.118,119.126,119.124
2015-04-28 00:50:00,USDJPY,119.125,119.103,119.124,119.11
2015-04-28 00:55:00,USDJPY,119.122,119.094,119.11,119.105
2015-04-28 01:00:00,USDJPY,119.107,119.097,119.105,119.099
2015-04-28 01:05:00,USDJPY,119.108,119.094,119.1,119.094
2015-04-28 01:10:00,USDJPY,119.108,119.093,119.094,119.104
2015-04-28 01:15:00,USDJPY,119.123,119.092,119.105,119.098
2015-04-28 01:20:00,USDJPY,119.099,119.084,119.099,119.093
2015-04-28 01:25:00,USDJPY,119.107,119.072,119.093,119.101
2015-04-28 01:30:00,USDJPY,119.114,119.084,119.102,119.087
2015-04-28 01:35:00,USDJPY,119.116,119.083,119.089,119.083
2015-04-28 01:40:00,USDJPY,119.086,119.057,119.085,119.078
2015-04-28 01:45:00,USDJPY,119.093,119.068,119.077,119.07
2015-04-28 01:50:00,USDJPY,119.08,119.058,119.069,119.08
2015-04-28 01:55:00,USDJPY,119.085,119.068,119.08,119.084
2015-04-28 02:00:00,USDJPY,119.094,119.068,119.084,119.073
2015-04-28 02:05:00,USDJPY,119.114,119.071,119.072,119.093
2015-04-28 02:10:00,USDJPY,119.123,119.082,119.092,119.093
2015-04-28 02:15:00,USDJPY,119.098,119.051,119.094,119.053
2015-04-28 02:20:00,USDJPY,119.071,119.036,119.051,119.049
2015-04-28 02:25:00,USDJPY,119.053,119.02,119.048,119.04
2015-04-28 02:30:00,USDJPY,119.069,119.035,119.039,119.061
2015-04-28 02:35:00,USDJPY,119.061,119.031,119.061,119.034
2015-04-28 02:40:00,USDJPY,119.082,119.034,119.035,119.054
2015-04-28 02:45:00,USDJPY,119.095,119.053,119.055,119.083
2015-04-28 02:50:00,USDJPY,119.092,119.062,119.083,119.069
2015-04-28 02:55:00,USDJPY,119.072,119.042,119.066,119.067
2015-04-28 03:00:00,USDJPY,119.128,119.059,119.066,119.081
2015-04-28 03:05:00,USDJPY,119.1,119.065,119.079,119.065
2015-04-28 03:10:00,USDJPY,119.067,118.991,119.066,118.998
2015-04-28 03:15:00,USDJPY,119.017,118.965,118.999,118.997
2015-04-28 03:20:00,USDJPY,119.025,118.966,118.999,119.023
2015-04-28 03:25:00,USDJPY,119.028,118.997,119.023,119.026
2015-04-28 03:30:00,USDJPY,119.054,119.02,119.026,119.038
2015-04-28 03:35:00,USDJPY,119.052,119.014,119.035,119.037
2015-04-28 03:40:00,USDJPY,119.038,118.991,119.036,118.994
2015-04-28 03:45:00,USDJPY,119.006,118.959,118.995,118.995
2015-04-28 03:50:00,USDJPY,119.034,118.983,118.996,119.026
2015-04-28 03:55:00,USDJPY,119.051,119.027,119.027,119.033
2015-04-28 04:00:00,USDJPY,119.099,119.022,119.033,119.083
2015-04-28 04:05:00,USDJPY,119.097,119.066,119.083,119.091
2015-04-28 04:10:00,USDJPY,119.1,119.073,119.091,119.086
2015-04-28 04:15:00,USDJPY,119.085,119.053,119.085,119.055
2015-04-28 04:20:00,USDJPY,119.104,119.056,119.056,119.098
2015-04-28 04:25:00,USDJPY,119.109,119.084,119.098,119.105
2015-04-28 04:30:00,USDJPY,119.11,119.076,119.082,119.103
2015-04-28 04:35:00,USDJPY,119.107,119.039,119.104,119.047
2015-04-28 04:40:00,USDJPY,119.068,119.032,119.046,119.057
2015-04-28 04:45:00,USDJPY,119.085,119.04,119.057,119.074
2015-04-28 04:50:00,USDJPY,119.11,119.06,119.073,119.074
2015-04-28 04:55:00,USDJPY,119.084,119.02,119.073,119.031
2015-04-28 05:00:00,USDJPY,119.035,119.01,119.032,119.03
2015-04-28 05:05:00,USDJPY,119.04,118.986,119.029,119.002
2015-04-28 05:10:00,USDJPY,119.035,118.99,119.0,119.01
2015-04-28 05:15:00,USDJPY,119.026,118.99,119.009,119.018
2015-04-28 05:20:00,USDJPY,119.033,118.994,119.018,118.997
2015-04-28 05:25:00,USDJPY,119.006,118.976,118.996,118.99
2015-04-28 05:30:00,USDJPY,118.99,118.954,118.99,118.971
2015-04-28 05:35:00,USDJPY,118.993,118.966,118.971,118.989
2015-04-28 05:40:00,USDJPY,118.993,118.948,118.988,118.99
2015-04-28 05:45:00,USDJPY,118.992,118.945,118.989,118.953
2015-04-28 05:50:00,USDJPY,118.975,118.94,118.952,118.947
2015-04-28 05:55:00,USDJPY,118.98,118.945,118.947,118.967
2015-04-28 06:00:00,USDJPY,119.001,118.957,118.967,118.999
2015-04-28 06:05:00,USDJPY,119.029,118.996,118.996,119.003
2015-04-28 06:10:00,USDJPY,119.004,118.958,119.002,118.964
2015-04-28 06:15:00,USDJPY,118.976,118.949,118.965,118.96
2015-04-28 06:20:00,USDJPY,118.993,118.947,118.963,118.975
2015-04-28 06:25:00,USDJPY,118.994,118.963,118.975,118.963
2015-04-28 06:30:00,USDJPY,118.987,118.957,118.963,118.986
2015-04-28 06:35:00,USDJPY,118.988,118.961,118.985,118.974
2015-04-28 06:40:00,USDJPY,118.974,118.952,118.974,118.962
2015-04-28 06:45:00,USDJPY,118.973,118.912,118.963,118.931
2015-04-28 06:50:00,USDJPY,118.938,118.889,118.931,118.9
2015-04-28 06:55:00,USDJPY,118.901,118.86,118.898,118.871
2015-04-28 07:00:00,USDJPY,118.876,118.834,118.87,118.865
2015-04-28 07:05:00,USDJPY,118.874,118.847,118.867,118.861
2015-04-28 07:10:00,USDJPY,118.898,118.86,118.86,118.885
2015-04-28 07:15:00,USDJPY,118.893,118.862,118.885,118.884
2015-04-28 07:20:00,USDJPY,118.905,118.867,118.886,118.9
2015-04-28 07:25:00,USDJPY,118.908,118.876,118.899,118.881
2015-04-28 07:30:00,USDJPY,118.884,118.851,118.88,118.882
2015-04-28 07:35:00,USDJPY,118.903,118.87,118.882,118.871
2015-04-28 07:40:00,USDJPY,118.887,118.82,118.871,118.839
2015-04-28 07:45:00,USDJPY,118.881,118.832,118.839,118.876
2015-04-28 07:50:00,USDJPY,118.893,118.86,118.875,118.89
2015-04-28 07:55:00,USDJPY,118.956,118.883,118.891,118.95
2015-04-28 08:00:00,USDJPY,118.998,118.944,118.951,118.991
2015-04-28 08:05:00,USDJPY,119.003,118.981,118.991,118.989
2015-04-28 08:10:00,USDJPY,119.052,118.977,118.989,119.046
2015-04-28 08:15:00,USDJPY,119.077,119.02,119.046,119.028
2015-04-28 08:20:00,USDJPY,119.027,118.992,119.027,119.009
2015-04-28 08:25:00,USDJPY,119.046,119.011,119.011,119.017
2015-04-28 08:30:00,USDJPY,119.068,119.019,119.019,119.043
2015-04-28 08:35:00,USDJPY,119.06,119.034,119.041,119.06
2015-04-28 08:40:00,USDJPY,119.131,119.059,119.06,119.124
2015-04-28 08:45:00,USDJPY,119.126,119.076,119.124,119.085
2015-04-28 08:50:00,USDJPY,119.089,119.048,119.086,119.057
2015-04-28 08:55:00,USDJPY,119.065,119.033,119.058,119.035
2015-04-28 09:00:00,USDJPY,119.093,119.035,119.036,119.051
2015-04-28 09:05:00,USDJPY,119.092,119.049,119.054,119.056
2015-04-28 09:10:00,USDJPY,119.075,119.031,119.056,119.075
2015-04-28 09:15:00,USDJPY,119.081,119.024,119.075,119.035
2015-04-28 09:20:00,USDJPY,119.08,119.034,119.036,119.075
2015-04-28 09:25:00,USDJPY,119.093,119.057,119.076,119.093
2015-04-28 09:30:00,USDJPY,119.103,119.072,119.097,119.097
2015-04-28 09:35:00,USDJPY,119.096,119.049,119.096,119.051
2015-04-28 09:40:00,USDJPY,119.053,118.994,119.052,119.01
2015-04-28 09:45:00,USDJPY,119.034,118.987,119.008,119.001
2015-04-28 09:50:00,USDJPY,119.035,119.0,119.001,119.027
2015-04-28 09:55:00,USDJPY,119.027,118.985,119.027,118.993
2015-04-28 10:00:00,USDJPY,118.995,118.846,118.995,118.854
2015-04-28 10:05:00,USDJPY,118.881,118.784,118.853,118.811
2015-04-28 10:10:00,USDJPY,118.86,118.785,118.811,118.819
2015-04-28 10:15:00,USDJPY,118.82,118.773,118.818,118.806
2015-04-28 10:20:00,USDJPY,118.82,118.78,118.811,118.82
2015-04-28 10:25:00,USDJPY,118.874,118.808,118.824,118.84
2015-04-28 10:30:00,USDJPY,118.89,118.826,118.839,118.89
2015-04-28 10:35:00,USDJPY,118.891,118.834,118.891,118.846
2015-04-28 10:40:00,USDJPY,118.874,118.83,118.846,118.85
2015-04-28 10:45:00,USDJPY,118.914,118.851,118.852,118.88
2015-04-28 10:50:00,USDJPY,118.887,118.82,118.881,118.835
2015-04-28 10:55:00,USDJPY,118.838,118.788,118.836,118.818
2015-04-28 11:00:00,USDJPY,118.865,118.801,118.819,118.865
2015-04-28 11:05:00,USDJPY,118.88,118.83,118.865,118.85
2015-04-28 11:10:00,USDJPY,118.861,118.831,118.85,118.834
2015-04-28 11:15:00,USDJPY,118.847,118.811,118.834,118.822
2015-04-28 11:20:00,USDJPY,118.823,118.794,118.823,118.814
2015-04-28 11:25:00,USDJPY,118.853,118.805,118.816,118.827
2015-04-28 11:30:00,USDJPY,118.835,118.811,118.828,118.832
2015-04-28 11:35:00,USDJPY,118.853,118.826,118.83,118.832
2015-04-28 11:40:00,USDJPY,118.832,118.818,118.831,118.828
2015-04-28 11:45:00,USDJPY,118.863,118.829,118.829,118.841
2015-04-28 11:50:00,USDJPY,118.848,118.825,118.841,118.84
2015-04-28 11:55:00,USDJPY,118.846,118.791,118.841,118.809
2015-04-28 12:00:00,USDJPY,118.839,118.806,118.809,118.834
2015-04-28 12:05:00,USDJPY,118.857,118.812,118.832,118.855
2015-04-28 12:10:00,USDJPY,118.866,118.826,118.855,118.826
2015-04-28 12:15:00,USDJPY,118.891,118.825,118.826,118.883
2015-04-28 12:20:00,USDJPY,118.905,118.879,118.883,118.893
2015-04-28 12:25:00,USDJPY,118.896,118.88,118.893,118.883
2015-04-28 12:30:00,USDJPY,118.907,118.882,118.882,118.899
2015-04-28 12:35:00,USDJPY,118.899,118.861,118.899,118.863
2015-04-28 12:40:00,USDJPY,118.886,118.835,118.863,118.886
2015-04-28 12:45:00,USDJPY,118.926,118.879,118.886,118.924
2015-04-28 12:50:00,USDJPY,118.965,118.923,118.923,118.94
2015-04-28 12:55:00,USDJPY,118.956,118.929,118.94,118.933
2015-04-28 13:00:00,USDJPY,118.952,118.889,118.933,118.912
2015-04-28 13:05:00,USDJPY,118.921,118.904,118.913,118.91
2015-04-28 13:10:00,USDJPY,118.932,118.898,118.914,118.932
2015-04-28 13:15:00,USDJPY,118.967,118.93,118.93,118.947
2015-04-28 13:20:00,USDJPY,118.946,118.915,118.946,118.918
2015-04-28 13:25:00,USDJPY,118.926,118.905,118.918,118.906
2015-04-28 13:30:00,USDJPY,118.936,118.904,118.905,118.917
2015-04-28 13:35:00,USDJPY,118.916,118.881,118.916,118.888
2015-04-28 13:40:00,USDJPY,118.919,118.888,118.888,118.919
2015-04-28 13:45:00,USDJPY,118.937,118.893,118.919,118.915
2015-04-28 13:50:00,USDJPY,118.937,118.907,118.917,118.922
2015-04-28 13:55:00,USDJPY,118.924,118.898,118.922,118.914
2015-04-28 14:00:00,USDJPY,118.947,118.91,118.914,118.945
2015-04-28 14:05:00,USDJPY,118.96,118.928,118.946,118.93
2015-04-28 14:10:00,USDJPY,118.933,118.881,118.932,118.891
2015-04-28 14:15:00,USDJPY,118.895,118.867,118.892,118.874
2015-04-28 14:20:00,USDJPY,118.879,118.848,118.874,118.848
2015-04-28 14:25:00,USDJPY,118.889,118.846,118.852,118.881
2015-04-28 14:30:00,USDJPY,118.879,118.852,118.879,118.861
2015-04-28 14:35:00,USDJPY,118.862,118.839,118.862,118.852
2015-04-28 14:40:00,USDJPY,118.899,118.848,118.85,118.898
2015-04-28 14:45:00,USDJPY,118.906,118.873,118.899,118.873
2015-04-28 14:50:00,USDJPY,118.875,118.851,118.872,118.851
2015-04-28 14:55:00,USDJPY,118.87,118.85,118.851,118.865
2015-04-28 15:00:00,USDJPY,118.907,118.855,118.861,118.897
2015-04-28 15:05:00,USDJPY,118.919,118.854,118.899,118.859
2015-04-28 15:10:00,USDJPY,118.863,118.845,118.859,118.86
2015-04-28 15:15:00,USDJPY,118.872,118.836,118.858,118.85
2015-04-28 15:20:00,USDJPY,118.877,118.851,118.854,118.869
2015-04-28 15:25:00,USDJPY,118.87,118.853,118.867,118.864
2015-04-28 15:30:00,USDJPY,118.892,118.864,118.864,118.876
2015-04-28 15:35:00,USDJPY,118.883,118.867,118.877,118.879
2015-04-28 15:40:00,USDJPY,118.907,118.879,118.879,118.897
2015-04-28 15:45:00,USDJPY,118.908,118.882,118.897,118.905
2015-04-28 15:50:00,USDJPY,118.907,118.873,118.904,118.876
2015-04-28 15:55:00,USDJPY,118.888,118.866,118.874,118.867
2015-04-28 16:00:00,USDJPY,118.887,118.857,118.867,118.877
2015-04-28 16:05:00,USDJPY,118.884,118.868,118.877,118.873
2015-04-28 16:10:00,USDJPY,118.879,118.851,118.871,118.853
2015-04-28 16:15:00,USDJPY,118.854,118.849,118.852,118.851
2015-04-28 16:20:00,USDJPY,118.861,118.84,118.852,118.859
2015-04-28 16:25:00,USDJPY,118.864,118.852,118.858,118.859
2015-04-28 16:30:00,USDJPY,118.865,118.857,118.858,118.857
2015-04-28 16:35:00,USDJPY,118.877,118.833,118.857,118.865
2015-04-28 16:40:00,USDJPY,118.871,118.856,118.863,118.866
2015-04-28 16:45:00,USDJPY,118.868,118.854,118.866,118.862
2015-04-28 16:50:00,USDJPY,118.91,118.861,118.861,118.892
2015-04-28 16:55:00,USDJPY,118.892,118.842,118.892,118.842
2015-04-28 17:00:00,USDJPY,118.86,118.842,118.842,118.857
2015-04-28 17:05:00,USDJPY,118.868,118.852,118.855,118.852
2015-04-28 17:10:00,USDJPY,118.874,118.853,118.853,118.871
2015-04-28 17:15:00,USDJPY,118.877,118.853,118.871,118.865
2015-04-28 17:20:00,USDJPY,118.866,118.85,118.864,118.858
2015-04-28 17:25:00,USDJPY,118.865,118.837,118.86,118.848
2015-04-28 17:30:00,USDJPY,118.874,118.85,118.85,118.867
2015-04-28 17:35:00,USDJPY,118.875,118.865,118.866,118.873
2015-04-28 17:40:00,USDJPY,118.881,118.859,118.874,118.859
2015-04-28 17:45:00,USDJPY,118.864,118.834,118.864,118.839
2015-04-28 17:50:00,USDJPY,118.852,118.839,118.839,118.849
2015-04-28 17:55:00,USDJPY,118.85,118.842,118.849,118.843
2015-04-28 18:00:00,USDJPY,118.847,118.832,118.846,118.838
2015-04-28 18:05:00,USDJPY,118.85,118.832,118.839,118.842
2015-04-28 18:10:00,USDJPY,118.874,118.83,118.84,118.874
2015-04-28 18:15:00,USDJPY,118.898,118.849,118.875,118.855
2015-04-28 18:20:00,USDJPY,118.874,118.838,118.854,118.863
2015-04-28 18:25:00,USDJPY,118.885,118.857,118.865,118.87
2015-04-28 18:30:00,USDJPY,118.891,118.86,118.87,118.886
2015-04-28 18:35:00,USDJPY,118.889,118.869,118.886,118.869
2015-04-28 18:40:00,USDJPY,118.869,118.851,118.868,118.851
2015-04-28 18:45:00,USDJPY,118.853,118.834,118.851,118.838
2015-04-28 18:50:00,USDJPY,118.844,118.839,118.839,118.842
2015-04-28 18:55:00,USDJPY,118.843,118.839,118.843,118.84
2015-04-28 19:00:00,USDJPY,118.841,118.818,118.841,118.826
2015-04-28 19:05:00,USDJPY,118.836,118.824,118.828,118.832
2015-04-28 19:10:00,USDJPY,118.849,118.834,118.834,118.846
2015-04-28 19:15:00,USDJPY,118.847,118.845,118.847,118.846
2015-04-28 19:20:00,USDJPY,118.847,118.816,118.845,118.842
2015-04-28 19:25:00,USDJPY,118.841,118.809,118.841,118.824
2015-04-28 19:30:00,USDJPY,118.824,118.813,118.824,118.816
2015-04-28 19:35:00,USDJPY,118.824,118.811,118.815,118.813
2015-04-28 19:40:00,USDJPY,118.834,118.814,118.814,118.833
2015-04-28 19:45:00,USDJPY,118.855,118.835,118.835,118.855
2015-04-28 19:50:00,USDJPY,118.854,118.84,118.854,118.844
2015-04-28 19:55:00,USDJPY,118.845,118.832,118.844,118.832
2015-04-28 20:00:00,USDJPY,118.839,118.808,118.832,118.818
2015-04-28 20:05:00,USDJPY,118.825,118.803,118.819,118.823
2015-04-28 20:10:00,USDJPY,118.841,118.823,118.823,118.84
2015-04-28 20:15:00,USDJPY,118.85,118.838,118.84,118.847
2015-04-28 20:20:00,USDJPY,118.847,118.806,118.847,118.823
2015-04-28 20:25:00,USDJPY,118.826,118.801,118.823,118.813
2015-04-28 20:30:00,USDJPY,118.816,118.808,118.813,118.816
2015-04-28 20:35:00,USDJPY,118.83,118.814,118.816,118.825
2015-04-28 20:40:00,USDJPY,118.826,118.811,118.825,118.812
2015-04-28 20:45:00,USDJPY,118.825,118.804,118.812,118.805
2015-04-28 20:50:00,USDJPY,118.814,118.796,118.805,118.796
2015-04-28 20:55:00,USDJPY,118.799,118.757,118.795,118.781
2015-04-28 21:00:00,USDJPY,118.807,118.781,118.784,118.781
2015-04-28 21:05:00,USDJPY,118.8,118.78,118.78,118.792
2015-04-28 21:10:00,USDJPY,118.8,118.782,118.792,118.793
2015-04-28 21:15:00,USDJPY,118.824,118.793,118.793,118.824
2015-04-28 21:20:00,USDJPY,118.823,118.814,118.822,118.823
2015-04-28 21:25:00,USDJPY,118.824,118.805,118.824,118.811
2015-04-28 21:30:00,USDJPY,118.827,118.809,118.811,118.812
2015-04-28 21:35:00,USDJPY,118.825,118.809,118.812,118.822
2015-04-28 21:40:00,USDJPY,118.828,118.811,118.822,118.828
2015-04-28 21:45:00,USDJPY,118.84,118.821,118.831,118.822
2015-04-28 21:50:00,USDJPY,118.836,118.818,118.822,118.836
2015-04-28 21:55:00,USDJPY,118.867,118.834,118.835,118.862
2015-04-28 22:00:00,USDJPY,118.862,118.819,118.862,118.825
2015-04-28 22:05:00,USDJPY,118.836,118.821,118.824,118.835
2015-04-28 22:10:00,USDJPY,118.856,118.835,118.835,118.851
2015-04-28 22:15:00,USDJPY,118.853,118.835,118.852,118.844
2015-04-28 22:20:00,USDJPY,118.844,118.814,118.844,118.826
2015-04-28 22:25:00,USDJPY,118.845,118.826,118.826,118.835
2015-04-28 22:30:00,USDJPY,118.836,118.821,118.834,118.835
2015-04-28 22:35:00,USDJPY,118.843,118.824,118.833,118.827
2015-04-28 22:40:00,USDJPY,118.854,118.827,118.827,118.852
2015-04-28 22:45:00,USDJPY,118.876,118.852,118.852,118.853
2015-04-28 22:50:00,USDJPY,118.867,118.847,118.854,118.852
2015-04-28 22:55:00,USDJPY,118.853,118.841,118.853,118.843
2015-04-28 23:00:00,USDJPY,118.872,118.843,118.843,118.854
2015-04-28 23:05:00,USDJPY,118.878,118.848,118.854,118.862
2015-04-28 23:10:00,USDJPY,118.87,118.855,118.86,118.864
2015-04-28 23:15:00,USDJPY,118.883,118.863,118.863,118.878
2015-04-28 23:20:00,USDJPY,118.883,118.867,118.878,118.869
2015-04-28 23:25:00,USDJPY,118.872,118.85,118.87,118.85
2015-04-28 23:30:00,USDJPY,118.854,118.849,118.85,118.849
2015-04-28 23:35:00,USDJPY,118.852,118.847,118.847,118.848
2015-04-28 23:40:00,USDJPY,118.851,118.846,118.847,118.846
2015-04-28 23:45:00,USDJPY,118.845,118.834,118.845,118.836
2015-04-28 23:50:00,USDJPY,118.863,118.834,118.835,118.86
2015-04-28 23:55:00,USDJPY,118.874,118.86,118.863,118.872
2015-04-29 00:00:00,USDJPY,118.876,118.854,118.872,118.861
2015-04-29 00:05:00,USDJPY,118.87,118.846,118.86,118.858
2015-04-29 00:10:00,USDJPY,118.858,118.855,118.856,118.858
2015-04-29 00:15:00,USDJPY,118.868,118.857,118.857,118.868
2015-04-29 00:20:00,USDJPY,118.871,118.866,118.866,118.866
2015-04-29 00:25:00,USDJPY,118.87,118.854,118.866,118.854
2015-04-29 00:30:00,USDJPY,118.861,118.841,118.854,118.844
2015-04-29 00:35:00,USDJPY,118.853,118.843,118.843,118.851
2015-04-29 00:40:00,USDJPY,118.856,118.849,118.85,118.856
2015-04-29 00:45:00,USDJPY,118.856,118.844,118.856,118.853
2015-04-29 00:50:00,USDJPY,118.862,118.853,118.853,118.858
2015-04-29 00:55:00,USDJPY,118.858,118.849,118.856,118.855
2015-04-29 01:00:00,USDJPY,118.869,118.853,118.855,118.868
2015-04-29 01:05:00,USDJPY,118.872,118.841,118.872,118.844
2015-04-29 01:10:00,USDJPY,118.867,118.844,118.844,118.858
2015-04-29 01:15:00,USDJPY,118.863,118.837,118.857,118.839
2015-04-29 01:20:00,USDJPY,118.851,118.839,118.839,118.844
2015-04-29 01:25:00,USDJPY,118.844,118.828,118.842,118.832
2015-04-29 01:30:00,USDJPY,118.853,118.83,118.83,118.848
2015-04-29 01:35:00,USDJPY,118.85,118.846,118.848,118.846
2015-04-29 01:40:00,USDJPY,118.846,118.824,118.846,118.83
2015-04-29 01:45:00,USDJPY,118.854,118.822,118.83,118.838
2015-04-29 01:50:00,USDJPY,118.84,118.836,118.838,118.837
2015-04-29 01:55:00,USDJPY,118.843,118.817,118.839,118.837
2015-04-29 02:00:00,USDJPY,118.842,118.817,118.837,118.818
2015-04-29 02:05:00,USDJPY,118.829,118.815,118.817,118.823
2015-04-29 02:10:00,USDJPY,118.84,118.821,118.823,118.832
2015-04-29 02:15:00,USDJPY,118.836,118.824,118.833,118.836
2015-04-29 02:20:00,USDJPY,118.851,118.836,118.838,118.845
2015-04-29 02:25:00,USDJPY,118.851,118.837,118.846,118.837
2015-04-29 02:30:00,USDJPY,118.852,118.823,118.838,118.84
2015-04-29 02:35:00,USDJPY,118.862,118.838,118.84,118.851
2015-04-29 02:40:00,USDJPY,118.855,118.846,118.851,118.848
2015-04-29 02:45:00,USDJPY,118.937,118.841,118.848,118.935
2015-04-29 02:50:00,USDJPY,118.935,118.874,118.934,118.875
2015-04-29 02:55:00,USDJPY,118.892,118.864,118.876,118.876
2015-04-29 03:00:00,USDJPY,118.936,118.876,118.876,118.917
2015-04-29 03:05:00,USDJPY,118.968,118.917,118.917,118.949
2015-04-29 03:10:00,USDJPY,118.952,118.892,118.95,118.911
2015-04-29 03:15:00,USDJPY,118.975,118.905,118.911,118.932
2015-04-29 03:20:00,USDJPY,118.949,118.907,118.932,118.909
2015-04-29 03:25:00,USDJPY,118.935,118.895,118.909,118.923
2015-04-29 03:30:00,USDJPY,118.936,118.904,118.925,118.914
2015-04-29 03:35:00,USDJPY,118.931,118.892,118.916,118.921
2015-04-29 03:40:00,USDJPY,118.946,118.91,118.922,118.923
2015-04-29 03:45:00,USDJPY,118.952,118.917,118.922,118.939
2015-04-29 03:50:00,USDJPY,118.952,118.922,118.938,118.944
2015-04-29 03:55:00,USDJPY,118.95,118.908,118.945,118.922
2015-04-29 04:00:00,USDJPY,119.057,118.92,118.921,119.031
2015-04-29 04:05:00,USDJPY,119.102,119.019,119.034,119.102
2015-04-29 04:10:00,USDJPY,119.138,119.09,119.101,119.115
2015-04-29 04:15:00,USDJPY,119.149,119.104,119.114,119.115
2015-04-29 04:20:00,USDJPY,119.188,119.115,119.115,119.173
2015-04-29 04:25:00,USDJPY,119.19,119.114,119.174,119.128
2015-04-29 04:30:00,USDJPY,119.143,119.12,119.129,119.12
2015-04-29 04:35:00,USDJPY,119.147,119.116,119.12,119.127
2015-04-29 04:40:00,USDJPY,119.148,119.114,119.128,119.146
2015-04-29 04:45:00,USDJPY,119.174,119.145,119.145,119.158
2015-04-29 04:50:00,USDJPY,119.158,119.129,119.157,119.142
2015-04-29 04:55:00,USDJPY,119.192,119.142,119.142,119.179
2015-04-29 05:00:00,USDJPY,119.207,119.157,119.178,119.184
2015-04-29 05:05:00,USDJPY,119.214,119.175,119.19,119.187
2015-04-29 05:10:00,USDJPY,119.251,119.174,119.187,119.222
2015-04-29 05:15:00,USDJPY,119.244,119.213,119.222,119.213
2015-04-29 05:20:00,USDJPY,119.255,119.213,119.214,119.244
2015-04-29 05:25:00,USDJPY,119.259,119.233,119.244,119.245
2015-04-29 05:30:00,USDJPY,119.297,119.244,119.244,119.273
2015-04-29 05:35:00,USDJPY,119.346,119.272,119.273,119.326
2015-04-29 05:40:00,USDJPY,119.327,119.304,119.326,119.319
2015-04-29 05:45:00,USDJPY,119.346,119.307,119.319,119.34
2015-04-29 05:50:00,USDJPY,119.342,119.297,119.339,119.307
2015-04-29 05:55:00,USDJPY,119.322,119.273,119.309,119.32
2015-04-29 06:00:00,USDJPY,119.333,119.298,119.321,119.315
2015-04-29 06:05:00,USDJPY,119.36,119.311,119.314,119.353
2015-04-29 06:10:00,USDJPY,119.359,119.315,119.353,119.332
2015-04-29 06:15:00,USDJPY,119.34,119.312,119.33,119.32
2015-04-29 06:20:00,USDJPY,119.34,119.307,119.318,119.31
2015-04-29 06:25:00,USDJPY,119.341,119.303,119.31,119.321
2015-04-29 06:30:00,USDJPY,119.347,119.32,119.321,119.342
2015-04-29 06:35:00,USDJPY,119.346,119.327,119.341,119.34
2015-04-29 06:40:00,USDJPY,119.35,119.315,119.335,119.35
2015-04-29 06:45:00,USDJPY,119.358,119.324,119.352,119.345
2015-04-29 06:50:00,USDJPY,119.346,119.298,119.346,119.314
2015-04-29 06:55:00,USDJPY,119.326,119.303,119.315,119.319
2015-04-29 07:00:00,USDJPY,119.32,119.255,119.318,119.268
2015-04-29 07:05:00,USDJPY,119.262,119.225,119.262,119.244
2015-04-29 07:10:00,USDJPY,119.3,119.245,119.245,119.299
2015-04-29 07:15:00,USDJPY,119.298,119.265,119.298,119.274
2015-04-29 07:20:00,USDJPY,119.29,119.256,119.274,119.258
2015-04-29 07:25:00,USDJPY,119.258,119.225,119.258,119.225
2015-04-29 07:30:00,USDJPY,119.267,119.224,119.224,119.265
2015-04-29 07:35:00,USDJPY,119.29,119.244,119.262,119.247
2015-04-29 07:40:00,USDJPY,119.285,119.245,119.247,119.275
2015-04-29 07:45:00,USDJPY,119.29,119.27,119.274,119.29
2015-04-29 07:50:00,USDJPY,119.327,119.281,119.287,119.283
2015-04-29 07:55:00,USDJPY,119.316,119.281,119.282,119.281
2015-04-29 08:00:00,USDJPY,119.34,119.281,119.281,119.29
2015-04-29 08:05:00,USDJPY,119.304,119.26,119.291,119.27
2015-04-29 08:10:00,USDJPY,119.295,119.254,119.269,119.257
2015-04-29 08:15:00,USDJPY,119.264,119.235,119.257,119.251
2015-04-29 08:20:00,USDJPY,119.278,119.214,119.251,119.215
2015-04-29 08:25:00,USDJPY,119.251,119.175,119.216,119.191
2015-04-29 08:30:00,USDJPY,119.148,118.932,118.933,118.985
2015-04-29 08:35:00,USDJPY,119.001,118.89,118.982,118.953
2015-04-29 08:40:00,USDJPY,118.972,118.901,118.953,118.963
2015-04-29 08:45:00,USDJPY,118.987,118.917,118.962,118.979
2015-04-29 08:50:00,USDJPY,119.183,118.975,118.977,119.183
2015-04-29 08:55:00,USDJPY,119.31,119.182,119.185,119.203
2015-04-29 09:00:00,USDJPY,119.241,119.143,119.202,119.185
2015-04-29 09:05:00,USDJPY,119.25,119.178,119.185,119.195
2015-04-29 09:10:00,USDJPY,119.215,119.147,119.191,119.176
2015-04-29 09:15:00,USDJPY,119.187,119.142,119.179,119.145
2015-04-29 09:20:00,USDJPY,119.174,119.116,119.143,119.158
2015-04-29 09:25:00,USDJPY,119.174,119.085,119.158,119.09
2015-04-29 09:30:00,USDJPY,119.107,119.024,119.094,119.048
2015-04-29 09:35:00,USDJPY,119.108,119.03,119.049,119.104
2015-04-29 09:40:00,USDJPY,119.122,119.076,119.104,119.113
2015-04-29 09:45:00,USDJPY,119.159,119.098,119.113,119.105
2015-04-29 09:50:00,USDJPY,119.131,119.085,119.104,119.129
2015-04-29 09:55:00,USDJPY,119.133,118.964,119.131,118.976
2015-04-29 10:00:00,USDJPY,119.033,118.946,118.976,118.976
2015-04-29 10:05:00,USDJPY,119.02,118.941,118.974,118.983
2015-04-29 10:10:00,USDJPY,119.004,118.95,118.983,118.967
2015-04-29 10:15:00,USDJPY,118.968,118.874,118.968,118.888
2015-04-29 10:20:00,USDJPY,118.915,118.786,118.888,118.796
2015-04-29 10:25:00,USDJPY,118.882,118.768,118.798,118.835
2015-04-29 10:30:00,USDJPY,118.864,118.793,118.834,118.857
2015-04-29 10:35:00,USDJPY,118.921,118.81,118.858,118.919
2015-04-29 10:40:00,USDJPY,118.965,118.89,118.919,118.963
2015-04-29 10:45:00,USDJPY,118.989,118.94,118.963,118.97
2015-04-29 10:50:00,USDJPY,118.971,118.888,118.969,118.888
2015-04-29 10:55:00,USDJPY,118.96,118.874,118.886,118.934
2015-04-29 11:00:00,USDJPY,118.976,118.87,118.933,118.893
2015-04-29 11:05:00,USDJPY,118.982,118.891,118.891,118.902
2015-04-29 11:10:00,USDJPY,118.923,118.865,118.903,118.895
2015-04-29 11:15:00,USDJPY,118.965,118.892,118.897,118.954
2015-04-29 11:20:00,USDJPY,118.972,118.908,118.956,118.925
2015-04-29 11:25:00,USDJPY,118.945,118.891,118.925,118.894
2015-04-29 11:30:00,USDJPY,118.964,118.894,118.894,118.923
2015-04-29 11:35:00,USDJPY,118.93,118.888,118.923,118.922
2015-04-29 11:40:00,USDJPY,118.938,118.907,118.921,118.937
2015-04-29 11:45:00,USDJPY,118.943,118.919,118.938,118.936
2015-04-29 11:50:00,USDJPY,118.937,118.879,118.937,118.883
2015-04-29 11:55:00,USDJPY,118.894,118.817,118.882,118.836
2015-04-29 12:00:00,USDJPY,118.853,118.82,118.835,118.836
2015-04-29 12:05:00,USDJPY,118.853,118.81,118.835,118.833
2015-04-29 12:10:00,USDJPY,118.836,118.768,118.831,118.793
2015-04-29 12:15:00,USDJPY,118.81,118.711,118.794,118.734
2015-04-29 12:20:00,USDJPY,118.766,118.734,118.734,118.757
2015-04-29 12:25:00,USDJPY,118.766,118.665,118.755,118.712
2015-04-29 12:30:00,USDJPY,118.726,118.665,118.711,118.695
2015-04-29 12:35:00,USDJPY,118.736,118.694,118.696,118.727
2015-04-29 12:40:00,USDJPY,118.764,118.712,118.727,118.762
2015-04-29 12:45:00,USDJPY,118.769,118.743,118.76,118.765
2015-04-29 12:50:00,USDJPY,118.765,118.663,118.765,118.689
2015-04-29 12:55:00,USDJPY,118.723,118.62,118.689,118.711
2015-04-29 13:00:00,USDJPY,118.742,118.695,118.711,118.7
2015-04-29 13:05:00,USDJPY,118.764,118.69,118.698,118.738
2015-04-29 13:10:00,USDJPY,118.763,118.711,118.739,118.744
2015-04-29 13:15:00,USDJPY,118.76,118.711,118.742,118.711
2015-04-29 13:20:00,USDJPY,118.712,118.652,118.71,118.668
2015-04-29 13:25:00,USDJPY,118.686,118.662,118.668,118.678
2015-04-29 13:30:00,USDJPY,118.687,118.654,118.682,118.656
2015-04-29 13:35:00,USDJPY,118.656,118.608,118.656,118.624
2015-04-29 13:40:00,USDJPY,118.637,118.61,118.624,118.61
2015-04-29 13:45:00,USDJPY,118.675,118.611,118.612,118.664
2015-04-29 13:50:00,USDJPY,118.664,118.611,118.664,118.638
2015-04-29 13:55:00,USDJPY,118.682,118.616,118.636,118.618
2015-04-29 14:00:00,USDJPY,119.065,118.618,118.618,118.723
2015-04-29 14:05:00,USDJPY,118.939,118.706,118.713,118.915
2015-04-29 14:10:00,USDJPY,118.942,118.836,118.917,118.844
2015-04-29 14:15:00,USDJPY,119.019,118.847,118.847,118.99
2015-04-29 14:20:00,USDJPY,119.074,118.931,118.989,119.001
2015-04-29 14:25:00,USDJPY,119.096,118.96,119.001,119.049
2015-04-29 14:30:00,USDJPY,119.064,119.018,119.048,119.032
2015-04-29 14:35:00,USDJPY,119.116,119.025,119.033,119.034
2015-04-29 14:40:00,USDJPY,119.042,118.97,119.039,119.025
2015-04-29 14:45:00,USDJPY,119.038,118.967,119.023,118.976
2015-04-29 14:50:00,USDJPY,119.006,118.974,118.977,118.999
2015-04-29 14:55:00,USDJPY,119.025,118.966,118.998,118.966
2015-04-29 15:00:00,USDJPY,119.029,118.967,118.967,119.004
2015-04-29 15:05:00,USDJPY,119.003,118.924,119.003,118.928
2015-04-29 15:10:00,USDJPY,118.978,118.924,118.928,118.976
2015-04-29 15:15:00,USDJPY,118.985,118.955,118.976,118.962
2015-04-29 15:20:00,USDJPY,119.035,118.961,118.963,119.015
2015-04-29 15:25:00,USDJPY,119.046,119.014,119.016,119.027
2015-04-29 15:30:00,USDJPY,119.045,119.003,119.029,119.007
2015-04-29 15:35:00,USDJPY,119.028,119.001,119.007,119.001
2015-04-29 15:40:00,USDJPY,119.022,118.998,119.001,119.005
2015-04-29 15:45:00,USDJPY,119.031,119.002,119.004,119.015
2015-04-29 15:50:00,USDJPY,119.043,119.0,119.014,119.036
2015-04-29 15:55:00,USDJPY,119.038,119.025,119.037,119.03
2015-04-29 16:00:00,USDJPY,119.056,119.032,119.032,119.052
2015-04-29 16:05:00,USDJPY,119.052,119.041,119.052,119.046
2015-04-29 16:10:00,USDJPY,119.06,119.042,119.045,119.043
2015-04-29 16:15:00,USDJPY,119.055,119.038,119.041,119.04
2015-04-29 16:20:00,USDJPY,119.057,119.026,119.039,119.054
2015-04-29 16:25:00,USDJPY,119.058,119.045,119.057,119.055
2015-04-29 16:30:00,USDJPY,119.055,118.971,119.055,118.972
2015-04-29 16:35:00,USDJPY,119.008,118.971,118.973,119.004
2015-04-29 16:40:00,USDJPY,119.039,119.004,119.004,119.03
2015-04-29 16:45:00,USDJPY,119.033,118.992,119.03,118.992
2015-04-29 16:50:00,USDJPY,119.036,118.989,118.991,119.031
2015-04-29 16:55:00,USDJPY,119.052,119.005,119.03,119.006
2015-04-29 17:00:00,USDJPY,119.048,118.999,119.004,119.036
2015-04-29 17:05:00,USDJPY,119.076,119.024,119.036,119.072
2015-04-29 17:10:00,USDJPY,119.101,119.072,119.072,119.095
2015-04-29 17:15:00,USDJPY,119.115,119.074,119.094,119.089
2015-04-29 17:20:00,USDJPY,119.128,119.081,119.088,119.119
2015-04-29 17:25:00,USDJPY,119.129,119.111,119.12,119.122
2015-04-29 17:30:00,USDJPY,119.145,119.114,119.123,119.115
2015-04-29 17:35:00,USDJPY,119.158,119.105,119.115,119.116
2015-04-29 17:40:00,USDJPY,119.141,119.105,119.11,119.127
2015-04-29 17:45:00,USDJPY,119.137,119.103,119.127,119.135
2015-04-29 17:50:00,USDJPY,119.138,119.125,119.135,119.133
2015-04-29 17:55:00,USDJPY,119.133,119.1,119.133,119.101
2015-04-29 18:00:00,USDJPY,119.105,119.036,119.102,119.05
2015-04-29 18:05:00,USDJPY,119.086,119.047,119.05,119.076
2015-04-29 18:10:00,USDJPY,119.102,119.05,119.076,119.05
2015-04-29 18:15:00,USDJPY,119.059,119.046,119.05,119.052
2015-04-29 18:20:00,USDJPY,119.059,119.039,119.051,119.05
2015-04-29 18:25:00,USDJPY,119.074,119.042,119.05,119.063
2015-04-29 18:30:00,USDJPY,119.076,119.059,119.063,119.061
2015-04-29 18:35:00,USDJPY,119.07,119.055,119.061,119.064
2015-04-29 18:40:00,USDJPY,119.071,119.054,119.064,119.06
2015-04-29 18:45:00,USDJPY,119.065,119.045,119.06,119.063
2015-04-29 18:50:00,USDJPY,119.074,119.059,119.064,119.067
2015-04-29 18:55:00,USDJPY,119.068,119.039,119.067,119.041
2015-04-29 19:00:00,USDJPY,119.048,119.022,119.041,119.03
2015-04-29 19:05:00,USDJPY,119.047,119.03,119.033,119.04
2015-04-29 19:10:00,USDJPY,119.046,119.023,119.042,119.033
2015-04-29 19:15:00,USDJPY,119.039,119.024,119.033,119.033
2015-04-29 19:20:00,USDJPY,119.036,119.023,119.035,119.029
2015-04-29 19:25:00,USDJPY,119.029,118.988,119.029,118.994
2015-04-29 19:30:00,USDJPY,119.019,118.997,118.997,119.014
2015-04-29 19:35:00,USDJPY,119.032,119.013,119.015,119.029
2015-04-29 19:40:00,USDJPY,119.033,119.025,119.03,119.033
2015-04-29 19:45:00,USDJPY,119.042,119.023,119.03,119.023
2015-04-29 19:50:00,USDJPY,119.028,119.012,119.023,119.018
2015-04-29 19:55:00,USDJPY,119.018,118.956,119.018,118.983
2015-04-29 20:00:00,USDJPY,118.995,118.905,118.982,118.938
2015-04-29 20:05:00,USDJPY,118.963,118.936,118.941,118.955
2015-04-29 20:10:00,USDJPY,118.954,118.909,118.954,118.935
2015-04-29 20:15:00,USDJPY,118.976,118.933,118.935,118.954
2015-04-29 20:20:00,USDJPY,118.972,118.938,118.954,118.971
2015-04-29 20:25:00,USDJPY,118.976,118.945,118.972,118.953
2015-04-29 20:30:00,USDJPY,119.004,118.955,118.955,118.99
2015-04-29 20:35:00,USDJPY,119.027,118.985,118.991,119.013
2015-04-29 20:40:00,USDJPY,119.015,118.961,119.012,118.965
2015-04-29 20:45:00,USDJPY,118.983,118.961,118.964,118.974
2015-04-29 20:50:00,USDJPY,118.993,118.962,118.975,118.97
2015-04-29 20:55:00,USDJPY,118.992,118.953,118.975,118.992
2015-04-29 21:00:00,USDJPY,118.995,118.953,118.992,118.953
2015-04-29 21:05:00,USDJPY,118.966,118.939,118.954,118.959
2015-04-29 21:10:00,USDJPY,118.96,118.935,118.959,118.944
2015-04-29 21:15:00,USDJPY,118.966,118.936,118.943,118.964
2015-04-29 21:20:00,USDJPY,118.97,118.951,118.962,118.965
2015-04-29 21:25:00,USDJPY,118.968,118.935,118.968,118.946
2015-04-29 21:30:00,USDJPY,118.983,118.943,118.945,118.965
2015-04-29 21:35:00,USDJPY,118.97,118.956,118.965,118.965
2015-04-29 21:40:00,USDJPY,118.977,118.933,118.964,118.939
2015-04-29 21:45:00,USDJPY,118.942,118.925,118.939,118.933
2015-04-29 21:50:00,USDJPY,118.942,118.919,118.936,118.924
2015-04-29 21:55:00,USDJPY,118.933,118.891,118.925,118.892
2015-04-29 22:00:00,USDJPY,118.921,118.89,118.895,118.92
2015-04-29 22:05:00,USDJPY,118.942,118.92,118.92,118.931
2015-04-29 22:10:00,USDJPY,118.939,118.884,118.931,118.9
2015-04-29 22:15:00,USDJPY,118.901,118.832,118.901,118.856
2015-04-29 22:20:00,USDJPY,118.854,118.798,118.854,118.821
2015-04-29 22:25:00,USDJPY,118.829,118.794,118.821,118.822
2015-04-29 22:30:00,USDJPY,118.836,118.795,118.822,118.796
2015-04-29 22:35:00,USDJPY,118.807,118.762,118.797,118.762
2015-04-29 22:40:00,USDJPY,118.802,118.755,118.762,118.792
2015-04-29 22:45:00,USDJPY,118.816,118.781,118.791,118.816
2015-04-29 22:50:00,USDJPY,118.82,118.801,118.816,118.806
2015-04-29 22:55:00,USDJPY,118.82,118.801,118.808,118.803
2015-04-29 23:00:00,USDJPY,118.822,118.8,118.804,118.8
2015-04-29 23:05:00,USDJPY,118.819,118.8,118.802,118.804
2015-04-29 23:10:00,USDJPY,118.813,118.791,118.808,118.8
2015-04-29 23:15:00,USDJPY,118.815,118.796,118.801,118.815
2015-04-29 23:20:00,USDJPY,118.838,118.814,118.814,118.837
2015-04-29 23:25:00,USDJPY,118.864,118.837,118.838,118.85
2015-04-29 23:30:00,USDJPY,118.883,118.85,118.851,118.868
2015-04-29 23:35:00,USDJPY,118.879,118.842,118.87,118.874
2015-04-29 23:40:00,USDJPY,118.954,118.871,118.873,118.924
2015-04-29 23:45:00,USDJPY,118.971,118.925,118.925,118.942
2015-04-29 23:50:00,USDJPY,118.991,118.939,118.944,118.972
2015-04-29 23:55:00,USDJPY,118.976,118.929,118.969,118.943
2015-04-30 00:00:00,USDJPY,118.957,118.61,118.944,118.628
2015-04-30 00:05:00,USDJPY,118.755,118.617,118.641,118.708
2015-04-30 00:10:00,USDJPY,118.734,118.644,118.703,118.699
2015-04-30 00:15:00,USDJPY,118.708,118.604,118.7,118.61
2015-04-30 00:20:00,USDJPY,118.656,118.581,118.613,118.655
2015-04-30 00:25:00,USDJPY,118.702,118.633,118.657,118.677
2015-04-30 00:30:00,USDJPY,118.679,118.565,118.677,118.592
2015-04-30 00:35:00,USDJPY,118.611,118.55,118.59,118.567
2015-04-30 00:40:00,USDJPY,118.636,118.543,118.567,118.616
2015-04-30 00:45:00,USDJPY,118.678,118.589,118.618,118.666
2015-04-30 00:50:00,USDJPY,118.705,118.648,118.664,118.685
2015-04-30 00:55:00,USDJPY,118.69,118.635,118.685,118.636
2015-04-30 01:00:00,USDJPY,118.648,118.604,118.636,118.629
2015-04-30 01:05:00,USDJPY,118.635,118.582,118.63,118.587
2015-04-30 01:10:00,USDJPY,118.647,118.581,118.585,118.635
2015-04-30 01:15:00,USDJPY,118.644,118.599,118.635,118.617
2015-04-30 01:20:00,USDJPY,118.622,118.596,118.618,118.599
2015-04-30 01:25:00,USDJPY,118.62,118.586,118.601,118.6
2015-04-30 01:30:00,USDJPY,118.654,118.599,118.599,118.65
2015-04-30 01:35:00,USDJPY,118.674,118.585,118.649,118.602
2015-04-30 01:40:00,USDJPY,118.615,118.581,118.603,118.583
2015-04-30 01:45:00,USDJPY,118.621,118.584,118.585,118.616
2015-04-30 01:50:00,USDJPY,118.617,118.592,118.617,118.603
2015-04-30 01:55:00,USDJPY,118.619,118.585,118.602,118.592
2015-04-30 02:00:00,USDJPY,118.591,118.496,118.591,118.563
2015-04-30 02:05:00,USDJPY,118.774,118.561,118.563,118.727
2015-04-30 02:10:00,USDJPY,118.746,118.682,118.728,118.72
2015-04-30 02:15:00,USDJPY,118.757,118.68,118.715,118.745
2015-04-30 02:20:00,USDJPY,118.748,118.692,118.744,118.741
2015-04-30 02:25:00,USDJPY,118.81,118.729,118.742,118.762
2015-04-30 02:30:00,USDJPY,118.804,118.76,118.762,118.784
2015-04-30 02:35:00,USDJPY,118.784,118.709,118.784,118.729
2015-04-30 02:40:00,USDJPY,118.775,118.73,118.73,118.77
2015-04-30 02:45:00,USDJPY,118.844,118.77,118.77,118.825
2015-04-30 02:50:00,USDJPY,118.839,118.796,118.826,118.798
2015-04-30 02:55:00,USDJPY,118.838,118.77,118.798,118.838
2015-04-30 03:00:00,USDJPY,118.951,118.838,118.839,118.885
2015-04-30 03:05:00,USDJPY,118.886,118.832,118.885,118.853
2015-04-30 03:10:00,USDJPY,118.909,118.84,118.854,118.883
2015-04-30 03:15:00,USDJPY,118.983,118.87,118.883,118.951
2015-04-30 03:20:00,USDJPY,119.064,118.933,118.951,119.056
2015-04-30 03:25:00,USDJPY,119.061,118.975,119.055,119.012
2015-04-30 03:30:00,USDJPY,119.054,118.979,119.012,118.983
2015-04-30 03:35:00,USDJPY,119.01,118.959,118.983,118.966
2015-04-30 03:40:00,USDJPY,118.982,118.9,118.965,118.935
2015-04-30 03:45:00,USDJPY,118.958,118.921,118.935,118.951
2015-04-30 03:50:00,USDJPY,118.953,118.883,118.952,118.883
2015-04-30 03:55:00,USDJPY,118.923,118.85,118.883,118.901
2015-04-30 04:00:00,USDJPY,118.917,118.862,118.901,118.882
2015-04-30 04:05:00,USDJPY,118.894,118.798,118.881,118.798
2015-04-30 04:10:00,USDJPY,118.823,118.788,118.802,118.788
2015-04-30 04:15:00,USDJPY,118.804,118.753,118.786,118.795
2015-04-30 04:20:00,USDJPY,118.833,118.79,118.794,118.802
2015-04-30 04:25:00,USDJPY,118.822,118.771,118.801,118.821
2015-04-30 04:30:00,USDJPY,118.845,118.803,118.819,118.83
2015-04-30 04:35:00,USDJPY,118.843,118.781,118.835,118.796
2015-04-30 04:40:00,USDJPY,118.855,118.795,118.795,118.84
2015-04-30 04:45:00,USDJPY,118.86,118.813,118.838,118.843
2015-04-30 04:50:00,USDJPY,118.903,118.833,118.843,118.898
2015-04-30 04:55:00,USDJPY,118.904,118.87,118.899,118.885
2015-04-30 05:00:00,USDJPY,118.904,118.853,118.885,118.876
2015-04-30 05:05:00,USDJPY,118.935,118.867,118.876,118.926
2015-04-30 05:10:00,USDJPY,118.967,118.92,118.926,118.956
2015-04-30 05:15:00,USDJPY,118.981,118.941,118.956,118.941
2015-04-30 05:20:00,USDJPY,118.945,118.913,118.94,118.938
2015-04-30 05:25:00,USDJPY,118.967,118.909,118.938,118.941
2015-04-30 05:30:00,USDJPY,118.982,118.94,118.941,118.954
2015-04-30 05:35:00,USDJPY,118.972,118.949,118.952,118.957
2015-04-30 05:40:00,USDJPY,118.965,118.914,118.955,118.927
2015-04-30 05:45:00,USDJPY,118.947,118.92,118.925,118.928
2015-04-30 05:50:00,USDJPY,118.945,118.909,118.93,118.914
2015-04-30 05:55:00,USDJPY,118.921,118.868,118.914,118.869
2015-04-30 06:00:00,USDJPY,118.877,118.84,118.869,118.866
2015-04-30 06:05:00,USDJPY,118.876,118.843,118.865,118.846
2015-04-30 06:10:00,USDJPY,118.869,118.84,118.845,118.854
2015-04-30 06:15:00,USDJPY,118.861,118.845,118.855,118.856
2015-04-30 06:20:00,USDJPY,118.876,118.847,118.856,118.869
2015-04-30 06:25:00,USDJPY,118.915,118.868,118.869,118.905
2015-04-30 06:30:00,USDJPY,118.944,118.901,118.905,118.936
2015-04-30 06:35:00,USDJPY,118.965,118.936,118.937,118.938
2015-04-30 06:40:00,USDJPY,118.947,118.921,118.938,118.94
2015-04-30 06:45:00,USDJPY,118.941,118.893,118.941,118.905
2015-04-30 06:50:00,USDJPY,118.951,118.904,118.905,118.945
2015-04-30 06:55:00,USDJPY,118.966,118.942,118.949,118.943
2015-04-30 07:00:00,USDJPY,118.955,118.907,118.944,118.91
2015-04-30 07:05:00,USDJPY,118.967,118.904,118.909,118.96
2015-04-30 07:10:00,USDJPY,118.984,118.927,118.96,118.961
2015-04-30 07:15:00,USDJPY,118.969,118.935,118.962,118.952
2015-04-30 07:20:00,USDJPY,118.958,118.936,118.952,118.941
2015-04-30 07:25:00,USDJPY,118.956,118.914,118.941,118.924
2015-04-30 07:30:00,USDJPY,118.925,118.871,118.925,118.913
2015-04-30 07:35:00,USDJPY,118.92,118.894,118.912,118.908
2015-04-30 07:40:00,USDJPY,118.925,118.888,118.909,118.901
2015-04-30 07:45:00,USDJPY,118.919,118.882,118.899,118.904
2015-04-30 07:50:00,USDJPY,118.937,118.882,118.904,118.935
2015-04-30 07:55:00,USDJPY,118.945,118.895,118.935,118.912
2015-04-30 08:00:00,USDJPY,118.926,118.868,118.912,118.868
2015-04-30 08:05:00,USDJPY,118.871,118.81,118.866,118.84
2015-04-30 08:10:00,USDJPY,118.853,118.811,118.84,118.83
2015-04-30 08:15:00,USDJPY,118.845,118.811,118.832,118.813
2015-04-30 08:20:00,USDJPY,118.846,118.811,118.815,118.842
2015-04-30 08:25:00,USDJPY,118.957,118.832,118.841,118.936
2015-04-30 08:30:00,USDJPY,119.113,118.983,119.074,119.106
2015-04-30 08:35:00,USDJPY,119.191,119.08,119.118,119.174
2015-04-30 08:40:00,USDJPY,119.197,119.138,119.173,119.157
2015-04-30 08:45:00,USDJPY,119.299,119.159,119.159,119.275
2015-04-30 08:50:00,USDJPY,119.306,119.229,119.27,119.253
2015-04-30 08:55:00,USDJPY,119.32,119.249,119.254,119.307
2015-04-30 09:00:00,USDJPY,119.466,119.294,119.308,119.444
2015-04-30 09:05:00,USDJPY,119.544,119.432,119.445,119.52
2015-04-30 09:10:00,USDJPY,119.529,119.464,119.519,119.464
2015-04-30 09:15:00,USDJPY,119.5,119.446,119.465,119.448
2015-04-30 09:20:00,USDJPY,119.532,119.449,119.449,119.515
2015-04-30 09:25:00,USDJPY,119.587,119.508,119.514,119.563
2015-04-30 09:30:00,USDJPY,119.588,119.524,119.562,119.53
2015-04-30 09:35:00,USDJPY,119.547,119.502,119.532,119.506
2015-04-30 09:40:00,USDJPY,119.608,119.504,119.506,119.57
2015-04-30 09:45:00,USDJPY,119.588,119.522,119.562,119.529
2015-04-30 09:50:00,USDJPY,119.59,119.527,119.528,119.573
2015-04-30 09:55:00,USDJPY,119.588,119.504,119.574,119.517
2015-04-30 10:00:00,USDJPY,119.528,119.424,119.518,119.441
2015-04-30 10:05:00,USDJPY,119.533,119.435,119.439,119.533
2015-04-30 10:10:00,USDJPY,119.558,119.505,119.533,119.523
2015-04-30 10:15:00,USDJPY,119.523,119.451,119.523,119.464
2015-04-30 10:20:00,USDJPY,119.5,119.435,119.465,119.452
2015-04-30 10:25:00,USDJPY,119.466,119.421,119.453,119.432
2015-04-30 10:30:00,USDJPY,119.502,119.431,119.433,119.496
2015-04-30 10:35:00,USDJPY,119.562,119.496,119.497,119.526
2015-04-30 10:40:00,USDJPY,119.542,119.486,119.526,119.489
2015-04-30 10:45:00,USDJPY,119.493,119.456,119.489,119.465
2015-04-30 10:50:00,USDJPY,119.53,119.464,119.464,119.525
2015-04-30 10:55:00,USDJPY,119.686,119.49,119.525,119.662
2015-04-30 11:00:00,USDJPY,119.693,119.634,119.66,119.67
2015-04-30 11:05:00,USDJPY,119.727,119.653,119.668,119.711
2015-04-30 11:10:00,USDJPY,119.725,119.665,119.712,119.682
2015-04-30 11:15:00,USDJPY,119.682,119.639,119.682,119.665
2015-04-30 11:20:00,USDJPY,119.693,119.645,119.665,119.673
2015-04-30 11:25:00,USDJPY,119.74,119.665,119.674,119.74
2015-04-30 11:30:00,USDJPY,119.822,119.737,119.741,119.805
2015-04-30 11:35:00,USDJPY,119.848,119.783,119.806,119.833
2015-04-30 11:40:00,USDJPY,119.843,119.786,119.833,119.834
2015-04-30 11:45:00,USDJPY,119.878,119.804,119.834,119.877
2015-04-30 11:50:00,USDJPY,119.896,119.839,119.879,119.863
2015-04-30 11:55:00,USDJPY,119.88,119.845,119.863,119.863
2015-04-30 12:00:00,USDJPY,119.878,119.817,119.864,119.818
2015-04-30 12:05:00,USDJPY,119.82,119.775,119.819,119.794
2015-04-30 12:10:00,USDJPY,119.793,119.746,119.793,119.752
2015-04-30 12:15:00,USDJPY,119.795,119.756,119.756,119.795
2015-04-30 12:20:00,USDJPY,119.806,119.77,119.793,119.79
2015-04-30 12:25:00,USDJPY,119.795,119.754,119.788,119.767
2015-04-30 12:30:00,USDJPY,119.781,119.744,119.765,119.759
2015-04-30 12:35:00,USDJPY,119.769,119.744,119.759,119.751
2015-04-30 12:40:00,USDJPY,119.75,119.681,119.75,119.686
2015-04-30 12:45:00,USDJPY,119.686,119.661,119.683,119.674
2015-04-30 12:50:00,USDJPY,119.677,119.63,119.675,119.632
2015-04-30 12:55:00,USDJPY,119.665,119.631,119.631,119.649
2015-04-30 13:00:00,USDJPY,119.653,119.614,119.648,119.634
2015-04-30 13:05:00,USDJPY,119.636,119.585,119.633,119.608
2015-04-30 13:10:00,USDJPY,119.655,119.607,119.607,119.655
2015-04-30 13:15:00,USDJPY,119.666,119.592,119.655,119.612
2015-04-30 13:20:00,USDJPY,119.637,119.601,119.614,119.637
2015-04-30 13:25:00,USDJPY,119.637,119.602,119.637,119.611
2015-04-30 13:30:00,USDJPY,119.634,119.602,119.61,119.63
2015-04-30 13:35:00,USDJPY,119.639,119.611,119.631,119.636
2015-04-30 13:40:00,USDJPY,119.639,119.598,119.634,119.603
2015-04-30 13:45:00,USDJPY,119.623,119.604,119.605,119.61
2015-04-30 13:50:00,USDJPY,119.633,119.608,119.609,119.622
2015-04-30 13:55:00,USDJPY,119.643,119.615,119.623,119.632
2015-04-30 14:00:00,USDJPY,119.659,119.618,119.632,119.647
2015-04-30 14:05:00,USDJPY,119.663,119.644,119.649,119.66
2015-04-30 14:10:00,USDJPY,119.673,119.657,119.662,119.66
2015-04-30 14:15:00,USDJPY,119.671,119.654,119.658,119.664
2015-04-30 14:20:00,USDJPY,119.666,119.63,119.662,119.633
2015-04-30 14:25:00,USDJPY,119.646,119.602,119.634,119.605
2015-04-30 14:30:00,USDJPY,119.626,119.572,119.604,119.622
2015-04-30 14:35:00,USDJPY,119.639,119.591,119.621,119.594
2015-04-30 14:40:00,USDJPY,119.601,119.545,119.595,119.548
2015-04-30 14:45:00,USDJPY,119.566,119.49,119.549,119.506
2015-04-30 14:50:00,USDJPY,119.505,119.444,119.505,119.446
2015-04-30 14:55:00,USDJPY,119.446,119.39,119.444,119.395
2015-04-30 15:00:00,USDJPY,119.399,119.266,119.397,119.354
2015-04-30 15:05:00,USDJPY,119.366,119.314,119.354,119.343
2015-04-30 15:10:00,USDJPY,119.363,119.338,119.346,119.361
2015-04-30 15:15:00,USDJPY,119.422,119.359,119.361,119.365
2015-04-30 15:20:00,USDJPY,119.441,119.339,119.363,119.433
2015-04-30 15:25:00,USDJPY,119.433,119.393,119.432,119.395
2015-04-30 15:30:00,USDJPY,119.433,119.392,119.395,119.421
2015-04-30 15:35:00,USDJPY,119.434,119.399,119.422,119.399
2015-04-30 15:40:00,USDJPY,119.421,119.37,119.402,119.371
2015-04-30 15:45:00,USDJPY,119.402,119.37,119.37,119.4
2015-04-30 15:50:00,USDJPY,119.473,119.397,119.403,119.434
2015-04-30 15:55:00,USDJPY,119.452,119.375,119.435,119.385
2015-04-30 16:00:00,USDJPY,119.408,119.376,119.387,119.405
2015-04-30 16:05:00,USDJPY,119.409,119.388,119.405,119.409
2015-04-30 16:10:00,USDJPY,119.435,119.407,119.409,119.42
2015-04-30 16:15:00,USDJPY,119.431,119.4,119.42,119.409
2015-04-30 16:20:00,USDJPY,119.42,119.398,119.408,119.402
2015-04-30 16:25:00,USDJPY,119.423,119.399,119.402,119.411
2015-04-30 16:30:00,USDJPY,119.423,119.41,119.411,119.419
2015-04-30 16:35:00,USDJPY,119.422,119.4,119.42,119.4
2015-04-30 16:40:00,USDJPY,119.423,119.383,119.4,119.421
2015-04-30 16:45:00,USDJPY,119.424,119.371,119.422,119.385
2015-04-30 16:50:00,USDJPY,119.406,119.384,119.384,119.396
2015-04-30 16:55:00,USDJPY,119.401,119.363,119.401,119.374
2015-04-30 17:00:00,USDJPY,119.406,119.345,119.354,119.394
2015-04-30 17:05:00,USDJPY,119.41,119.387,119.405,119.403
2015-04-30 17:10:00,USDJPY,119.414,119.382,119.403,119.414
2015-04-30 17:15:00,USDJPY,119.418,119.411,119.411,119.417
2015-04-30 17:20:00,USDJPY,119.421,119.412,119.417,119.416
2015-04-30 17:25:00,USDJPY,119.417,119.372,119.416,119.391
2015-04-30 17:30:00,USDJPY,119.407,119.385,119.392,119.397
2015-04-30 17:35:00,USDJPY,119.412,119.393,119.398,119.406
2015-04-30 17:40:00,USDJPY,119.421,119.406,119.406,119.407
2015-04-30 17:45:00,USDJPY,119.425,119.398,119.406,119.423
2015-04-30 17:50:00,USDJPY,119.426,119.421,119.422,119.422
2015-04-30 17:55:00,USDJPY,119.423,119.413,119.421,119.416
2015-04-30 18:00:00,USDJPY,119.434,119.415,119.419,119.424
2015-04-30 18:05:00,USDJPY,119.431,119.419,119.424,119.429
2015-04-30 18:10:00,USDJPY,119.497,119.429,119.429,119.487
2015-04-30 18:15:00,USDJPY,119.507,119.486,119.488,119.493
2015-04-30 18:20:00,USDJPY,119.494,119.451,119.492,119.461
2015-04-30 18:25:00,USDJPY,119.462,119.447,119.462,119.448
2015-04-30 18:30:00,USDJPY,119.45,119.433,119.446,119.445
2015-04-30 18:35:00,USDJPY,119.447,119.439,119.445,119.441
2015-04-30 18:40:00,USDJPY,119.484,119.44,119.441,119.477
2015-04-30 18:45:00,USDJPY,119.49,119.477,119.477,119.49
2015-04-30 18:50:00,USDJPY,119.492,119.464,119.49,119.478
2015-04-30 18:55:00,USDJPY,119.476,119.469,119.475,119.474
2015-04-30 19:00:00,USDJPY,119.473,119.419,119.473,119.419
2015-04-30 19:05:00,USDJPY,119.42,119.404,119.42,119.405
2015-04-30 19:10:00,USDJPY,119.423,119.404,119.404,119.419
2015-04-30 19:15:00,USDJPY,119.426,119.419,119.423,119.424
2015-04-30 19:20:00,USDJPY,119.435,119.423,119.425,119.434
2015-04-30 19:25:00,USDJPY,119.447,119.432,119.433,119.447
2015-04-30 19:30:00,USDJPY,119.447,119.424,119.444,119.431
2015-04-30 19:35:00,USDJPY,119.449,119.432,119.433,119.432
2015-04-30 19:40:00,USDJPY,119.462,119.432,119.432,119.459
2015-04-30 19:45:00,USDJPY,119.469,119.444,119.46,119.446
2015-04-30 19:50:00,USDJPY,119.477,119.444,119.448,119.477
2015-04-30 19:55:00,USDJPY,119.479,119.452,119.476,119.473
2015-04-30 20:00:00,USDJPY,119.56,119.467,119.473,119.543
2015-04-30 20:05:00,USDJPY,119.566,119.511,119.545,119.517
2015-04-30 20:10:00,USDJPY,119.566,119.517,119.517,119.566
